spatial-objects/o3_sobralia_turkeliae_suitability.asc
ncols        291
nrows        503
xllcorner    -82.083333333333
yllcorner    -16.125000000000
cellsize     0.041666666667
NODATA_value nan
[rows 54 to 71 of 503, columns 78 to 116 of 291]
nan nan nan nan nan nan nan nan 1.3483929251378867775e-05 5.9054968915006611496e-06 5.1005331442866008729e-06 2.659187430253950879e-06 1.0519021088839508593e-05 0.00012926325143780559301 4.3633801396936178207e-05 9.2642767413053661585e-06 8.0943264038069173694e-06 1.4831379075985751115e-06 2.1887774437345797196e-06 8.0886690057013765909e-07 1.505406714841228677e-07 1.6327820162587158848e-07 1.8023048653503792593e-07 5.531724127649795264e-07 5.420666298050491605e-07 3.69171232250664616e-07 5.8025773341796593741e-07 4.7405967507074819878e-07 6.5439138552392250858e-07 2.2534579784405650571e-06 1.6337919078068807721e-05 4.7068970161490142345e-06 1.1715936125256121159e-05 6.5064832597272470593e-06 4.7882942453725263476e-05 0.070373356342315673828 0.0088814990594983100891 0.17398209869861602783 0.090258218348026275635
nan nan nan nan nan nan nan 5.0713268137769773602e-05 8.1596217569313012064e-06 1.4115078101895051077e-06 1.1219997304579010233e-06 4.8371166485594585538e-06 9.6957001005648635328e-06 1.2786629667971283197e-05 1.8683129383134655654e-05 7.938874659885186702e-06 7.2010566327662672848e-06 9.417026376468129456e-07 4.489993727929686429e-07 1.4141470217055029934e-07 3.732116908850002801e-07 3.4762484801831305958e-07 2.726507375427900115e-07 3.4833146855817176402e-07 1.7797508178318821592e-07 3.7217677117951097898e-07 6.2880229734219028614e-07 8.6626749862261931412e-07 3.0988665002951165661e-06 2.1922431187704205513e-05 7.1170361479744315147e-06 1.1675654604914598167e-05 4.0935141441877931356e-05 0.0001057167100952938199 0.00048194811097346246243 0.0058777336962521076202 0.0053175240755081176758 0.0033598619047552347183 0.14331908524036407471
nan nan nan nan nan nan 0.00012848406913690268993 2.5465304133831523359e-05 4.8116630750882904977e-06 2.2314962677683070069e-07 1.7686944602246512659e-06 3.03024648928840179e-06 1.8928092686110176146e-05 3.7760212308057816699e-06 1.0046578609035350382e-05 5.4018659056964679621e-07 1.0461114641202584608e-07 1.7378897609887644649e-07 1.1745897410264660721e-07 6.895725590538859251e-08 6.424538696592207998e-07 5.9790926343339378946e-07 2.1016970208620477933e-07 4.0383869759352819528e-07 1.3963216360934893601e-07 4.7078688680812774692e-07 8.3227979530420270748e-07 5.7635571693026577123e-07 2.1018763618485536426e-06 2.7506526748766191304e-05 1.082089329429436475e-05 3.0564038752345368266e-05 0.0010027606040239334106 0.0031563623342663049698 0.0048728412948548793793 0.0033493249211460351944 0.0035108351148664951324 0.0049424897879362106323 0.18504862487316131592
nan nan nan nan nan 8.9101529738400131464e-05 3.4214663173770532012e-05 3.6821268167841481045e-06 3.4714264529611682519e-07 3.8454308537438919302e-07 1.2824821737922320608e-07 1.6962775362117099576e-06 6.3172578848025295883e-06 2.0753329863509861752e-06 9.4455305088558816351e-07 1.0175889997299236711e-07 3.9460665846036135918e-08 4.9530365231476025656e-07 4.5080963673171936534e-07 3.1763637053927595844e-08 2.2611405370298598427e-07 7.6168544183019548655e-07 4.8087889581438503228e-07 3.3637368801464617718e-07 3.2119794468599138781e-07 5.4682806194250588305e-07 2.4722096441109897569e-06 1.2317808796069584787e-05 1.784435517038218677e-05 3.614823299358249642e-06 0.00010466142703080549836 0.0010135517222806811333 0.0053144549019634723663 0.011830731295049190521 0.0053766733035445213318 0.0034720499534159898758 0.0041202404536306858063 0.0069218473508954048157 0.18062467873096466064
nan nan nan nan nan 3.8436101021943613887e-05 6.0341121752571780235e-06 1.4248755633161636069e-06 6.4679561546654440463e-06 2.1063194708403898403e-06 1.3039498014677519677e-07 6.1919571692214958603e-08 1.816814915400755126e-06 1.7037611144132824847e-07 5.2650527493369736476e-08 4.5026663286762413918e-08 1.6603718222540919669e-07 7.7736950743201305158e-07 6.4590960846544476226e-07 1.2198118781725497684e-07 3.6354998655951931141e-07 5.9961587339785182849e-07 7.4816819051193306223e-07 4.7609253783775784541e-07 5.9854636447198572569e-07 9.4525660188082838431e-07 2.9540074137912597507e-06 2.0494933778536505997e-05 3.1929415854392573237e-05 1.1721466762537602335e-05 8.3071652625221759081e-05 0.0023524397984147071838 0.0089112035930156707764 0.0096968123689293861389 0.0060955444350838661194 0.0025611463934183120728 0.0045983945019543170929 0.0054836943745613098145 0.19694639742374420166
nan nan nan nan 7.0707748818676918745e-05 1.4375904356711544096e-05 2.1877342533116461709e-06 5.266747848509112373e-06 4.5781857807014603168e-06 2.2679195410546526546e-07 6.0039297977709793486e-08 3.9724355360704066698e-08 9.3321929739431652706e-08 4.4898808226889741491e-08 3.0629713876351161161e-08 1.1798530152873354382e-07 1.6803737423742859391e-07 3.3924428066711698193e-07 2.8895408377138664946e-07 6.3370396219397662207e-07 9.4134077244234504178e-07 5.5179634728119708598e-07 7.6698222528648329899e-07 1.0726062100729905069e-06 1.2188810387669946067e-06 3.0895141662767855451e-06 2.0455541744013316929e-05 3.5689150536200031638e-05 3.0501536457450129092e-05 4.7760127927176654339e-05 5.8047076890943571925e-05 0.0021585635840892791748 0.0057560214772820472717 0.0042930003255605697632 0.0050789853557944297791 0.0026708552613854408264 0.0037672978360205888748 0.0047005466185510158539 0.21626633405685424805
nan nan nan nan 4.5754550228593870997e-05 6.9817374424019362777e-06 1.5341308881033910438e-06 1.6542725234103272669e-06 3.9828904618843807839e-07 3.9257443518181389663e-07 5.8898063315382387373e-08 1.0936773975345204235e-07 5.2019011320680874633e-08 3.877933352214313345e-08 3.9386037542499252595e-08 6.7250184088152309414e-08 2.2402258537113084458e-07 3.8897229615031392314e-07 1.7642707916820654646e-07 6.1582932175952009857e-07 1.0996863011314417236e-06 8.9671101477506454103e-07 1.6155629509739810601e-06 0.00024426195886917412281 1.2223928251842153259e-06 3.0390744996111607179e-06 1.7127033061115071177e-05 5.1734252338064834476e-05 0.00010033841681433841586 7.5405099778436124325e-05 0.0011494266800582408905 0.0072844191454350948334 0.0065285782329738140106 0.0034616147167980670929 0.0042193653061985969543 0.0045631011016666889191 0.0052843764424324035645 0.0081327427178621292114 0.0088912425562739372253
nan nan nan nan 3.1939220207277685404e-05 3.9793999349058140069e-06 2.0765512545040110126e-06 7.858803314775286708e-07 3.2423378115709056146e-07 3.9304947563323366921e-07 1.1398037003118588473e-07 8.0527186696599528659e-08 3.250333335813593294e-08 1.707323527000426111e-08 2.2074280181527683453e-08 3.9385401606750747305e-08 2.322951360156366718e-07 2.5789117330532462802e-07 5.0562698561407160014e-07 6.0889755104653886519e-07 4.5168033580011979211e-07 6.9312966388679342344e-07 1.9169974621036089957e-06 1.9870747109962394461e-06 1.9295391666673822328e-06 5.5673981478321366012e-06 7.878317410359159112e-05 0.00013182210386730730534 7.0626781962346285582e-05 0.00033804716076701879501 0.0029452138114720582962 0.0066722366027534008026 0.0058202133513987064362 0.0058389999903738498688 0.011821443215012550354 0.0063608507625758647919 0.004005464259535074234 0.0065173148177564144135 0.0098501611500978469849
nan nan nan 3.7924237403785809875e-05 1.025958044920116663e-05 5.1548986448324285448e-06 1.5181753951765131205e-06 8.1996955714203068055e-07 6.7103212586516747251e-07 2.7473896579977008514e-07 4.0731728745413420256e-07 4.6088237581898283679e-07 4.0616875196519686142e-08 9.1530928330030292273e-06 2.4535470544151394279e-08 3.7442106304297340102e-08 8.3667366368445073022e-08 3.7934370311631937511e-07 5.7605132042226614431e-07 8.3890654423157684505e-07 3.3438357149861985818e-07 3.0622757662968069781e-07 7.5383337616585777141e-07 2.6937862003251211718e-06 1.9538438209565356374e-06 4.5368337850959505886e-06 5.566997424466535449e-05 0.00010249530168948695064 0.00013554052566178143024 0.00030485718161799013615 0.003881672397255897522 0.0052475924603641033173 0.0058407410979270935059 0.0091927014291286468506 0.0058757108636200428009 0.0062170708552002906799 0.0055066058412194252014 0.0087964003905653953552 0.0087129296734929084778
nan nan nan 5.9303602029103785753e-05 5.5813843573560006917e-06 1.7744773685990367085e-06 7.066748253237165045e-07 6.1784419358446029946e-07 2.8821364139730576426e-07 1.4203227749476354802e-07 3.6803029956899990793e-07 1.5743674453005951364e-07 4.8037672968348488212e-06 6.1584310060425195843e-06 3.4943976601198301069e-08 5.0870877288389237947e-08 3.0767614589422009885e-07 8.7587519374210387468e-05 2.2456958959082840011e-07 8.6723893844009580789e-08 2.2237570362904079957e-07 3.3812270316957437899e-07 7.3846837267410592176e-07 1.2420432540238834918e-06 2.4457588096993276849e-06 3.7996401260897982866e-06 2.1222149371169507504e-05 1.952028287632856518e-05 0.00032877706689760088921 0.0010745020117610692978 0.0057462085969746112823 0.0068705743178725242615 0.0068254251964390277863 0.011614883318543434143 0.006618067622184753418 0.0047944718971848487854 0.0051171602681279182434 0.0056805359199643135071 0.0065164417028427124023
nan nan nan 9.7492287750355899334e-05 5.1348874876566696912e-06 2.8804081466660136357e-06 1.1562477766347001307e-06 6.0252062894505797885e-07 2.5331755182378401514e-07 4.0534843037676182576e-07 1.0330645494605050771e-07 6.4453715253875998314e-08 2.7718332518134047859e-08 3.8536009014933370054e-06 7.2517673288530204445e-06 1.1794613783422391862e-05 9.2283691799366351916e-08 8.3600345533341169357e-05 5.7678363418744993396e-07 1.592358103152946569e-07 2.0942150058544939384e-07 2.008269802900031209e-06 1.7834580603448557667e-06 9.3656802846453501843e-07 4.252372491464484483e-06 1.7427053535357117653e-05 3.2233609090326353908e-05 3.4166390832979232073e-05 0.00052783463615924119949 0.066986106336116790771 0.30053588747978210449 0.0048568830825388431549 0.0095363156870007514954 0.013556766323745250702 0.0099323503673076629639 0.0070202928036451339722 0.0080321244895458221436 0.0098209036514163017273 0.0073497272096574306488
nan nan nan 6.9875713961664587259e-05 1.257619351235916838e-05 2.4402056624239776284e-06 1.5569249853797373362e-06 8.1466816936881514266e-07 3.5546398180485994089e-07 1.8427800796416704543e-07 6.2227414332483022008e-08 4.4314944602774630766e-08 8.7028105610897910083e-08 1.3237339771876577288e-05 1.3976001355331391096e-05 1.601665826456155628e-05 1.6993211829685606062e-05 7.4689012308226665482e-08 1.3074101445909036556e-07 9.8488314392852771562e-08 3.4001271842498681508e-07 9.9502994999056681991e-07 2.5693680072436109185e-06 1.2432316225385875441e-06 7.4342879088362678885e-06 6.6509666794445365667e-05 0.00010220042167929932475 0.0001165223293355666101 0.0034092471469193696976 0.0015559700550511479378 0.14597555994987487793 0.17077992856502532959 0.1977345198392868042 0.0093367407098412513733 0.010912877507507801056 0.007994823157787322998 0.0053519089706242084503 0.0079854531213641166687 0.0090776914730668067932
nan nan nan 6.9404552050400525331e-05 3.8394227885873988271e-05 3.4868096463469555601e-06 1.5921600606816355139e-06 7.0032007215559133328e-07 3.0752062230021692812e-07 1.6138557157319155522e-07 8.3197036815363389906e-08 1.5361568728167185327e-07 2.6764277549773396458e-07 1.5443807569681666791e-05 1.2377793609630316496e-05 1.2553651686175726354e-05 1.3812058568873908371e-05 1.1926400475203990936e-05 6.0065943330300797243e-08 8.0008334180092788301e-08 0.00015530362725257873535 1.1225051821384113282e-06 7.8555996196882915683e-07 1.4438072639677557163e-06 0.00029431865550577640533 2.0041907191625796258e-05 8.5780222434550523758e-05 0.0010061577195301651955 0.0067945760674774646759 0.00052437064005061984062 0.12162712216377258301 0.0062812604010105133057 0.0038602012209594249725 0.0064630075357854366302 0.0091373799368739128113 0.006180016789585351944 0.0068592340685427188873 0.018166018649935722351 0.011221619322896003723
nan nan nan 3.1502815545536577702e-05 3.7927238736301660538e-05 6.7484588726074434817e-06 2.2213121155800763518e-06 1.0792956572913681157e-06 3.5749766880144306924e-07 2.8750665137522446457e-07 1.2250471570496301865e-07 1.4354392874338373076e-07 4.6380193907680222765e-08 2.9567493342597117589e-08 5.6241269703605212271e-06 1.2999787941225804389e-05 1.529214387119282037e-05 9.5543064162484370172e-06 3.2636549462949915323e-08 5.9966907883790554479e-08 8.672503781781415455e-08 2.6160620336668216623e-07 1.3729273860008106567e-06 9.3815924628870561719e-07 4.4946118578081950545e-06 9.699942893348634243e-05 0.00014276754518505185843 0.0022285543382167816162 0.013600679114460945129 0.19303552806377410889 0.11115990579128265381 0.1448357999324798584 0.13869322836399078369 0.0062967576086521148682 0.012117546051740646362 0.0067874835804104804993 0.0095500294119119644165 0.17104989290237426758 0.16112659871578216553
nan nan nan 0.00043906652717851102352 0.00016660026449244469404 4.8809855798026546836e-05 3.2587318855803459883e-05 1.5888460893620504066e-06 3.0197392675290757325e-07 1.2060030485372408293e-07 1.327094025782571407e-07 1.9483377400320023298e-05 1.349329522781772539e-05 1.6035173757700249553e-05 6.7192368078394792974e-06 8.0793224697117693722e-06 5.7277675296063534915e-06 1.8484835891285911202e-05 2.8001421014778316021e-05 2.3695063646300695837e-05 5.5347296523677869118e-08 5.9732082036134670489e-07 6.3538118411088362336e-07 7.5750364203486242332e-07 1.1675196219584904611e-05 0.00041524210246279835701 0.00031110370764508843422 0.0048838737420737743378 0.0067762602120637893677 0.16987216472625732422 0.10962613672018051147 0.12124099582433700562 0.0026563436258584260941 0.0069602555595338344574 0.0078992759808897972107 0.012217216193675994873 0.0089209862053394317627 0.14529691636562347412 0.11045323312282562256
nan nan nan nan nan 0.00025296476087532937527 2.3994749426492489874e-05 2.0536629108391935006e-06 3.3702579571581736673e-07 2.5539330295032414142e-07 9.970483461074763909e-08 1.6336853150278329849e-05 1.0055304301204159856e-05 4.2619635820528856129e-08 1.3884481631976086646e-05 8.1036314441007561982e-06 3.5419386676949216053e-06 4.9763698370952624828e-06 3.4882777981692925096e-05 8.0814330431167036295e-05 3.5284662658341403585e-07 6.8203820546841598116e-07 4.6414866119448561221e-06 3.3313240237475838512e-06 0.00017149375344160944223 0.0003431366640143096447 0.001836782088503241539 0.0005806799745187163353 0.002373788272961974144 0.2198823392391204834 0.13621114194393157959 0.11260660737752914429 0.16303765773773193359 0.010099787265062332153 0.016722070053219795227 0.020840050652623176575 0.012567216530442237854 0.10550550371408462524 0.068275041878223419189
nan nan nan nan nan 0.0024314450565725564957 0.0011965419398620724678 0.00029629110940732061863 8.7480867705380660482e-07 2.0106170950384694152e-07 6.4391538217023480684e-06 1.0053497135231737047e-05 1.7245938579435460269e-05 1.2028459423163440078e-05 9.826680980040691793e-06 1.9133225578116253018e-05 8.7419311967096291482e-06 9.8260916274739429355e-06 2.4967399440356530249e-05 5.4674903367413207889e-05 9.3779432063456624746e-05 0.00028244673740118741989 0.0002881247492041438818 1.8331635146751068532e-05 0.00026732307742349803448 8.2416998338885605335e-05 0.00019628096197266131639 0.00029080154490657150745 0.0010947805130854249001 0.10426986962556838989 0.11580615490674972534 0.12926825881004333496 0.12496458739042282104 0.015267544426023960114 0.32203310728073120117 0.01924972236156463623 0.16655197739601135254 0.09196201711893081665 0.058854512870311737061
nan nan nan nan nan nan 0.00024779696832410991192 0.00021566056238953024149 4.2145453335251659155e-05 1.2046489246131386608e-05 6.8405602178245317191e-06 4.5548517846327740699e-06 1.1106211786682251841e-05 7.2433376772096380591e-06 7.2172388172475621104e-06 1.5023724699858576059e-06 2.2974384137341985479e-06 3.7439967854879796505e-06 2.5108643967541866004e-05 6.6586755565367639065e-05 6.9678113504778593779e-05 8.2867478568005026318e-07 4.6346785893547348678e-06 3.4556003811303526163e-05 9.8067866929341107607e-05 0.00060865917475894093513 0.00068957009352743625641 0.00027358936495147645473 0.0024675726890563964844 0.0015503112226724624634 0.14047473669052124023 0.13127626478672027588 0.12399680167436599731 0.25396236777305603027 0.36569052934646606445 0.024666948243975639343 0.10067714005708694458 0.080172821879386901855 0.11515055596828460693
