spatial-objects/o3_sobralia_turkeliae_suitability.asc
ncols        291
nrows        503
xllcorner    -82.083333333333
yllcorner    -16.125000000000
cellsize     0.041666666667
NODATA_value nan
[rows 324 to 341 of 503, columns 195 to 233 of 291]
0.0075313276611268520355 0.0076407329179346561432 0.0077143628150224685669 0.0072586969472467899323 0.0074762059375643730164 0.0075842905789613723755 0.0075570228509604930878 0.006940907798707485199 0.0067577939480543136597 0.0062056323513388633728 0.0060521531850099563599 0.0056054978631436824799 0.0055747400037944316864 0.0054583931341767311096 0.0053958292119204998016 0.0053197741508483886719 0.0053798630833625793457 0.0054378630593419075012 0.0054611167870461940765 0.0052980007603764533997 0.005273156333714723587 0.0049856123514473438263 0.0046622240915894508362 0.0045964429154992103577 0.0043454468250274658203 0.0039754677563905715942 0.003785297740250825882 0.0035781129263341426849 0.003576805582270026207 0.003481961321085691452 0.0032977107912302017212 0.0033707846887409687042 0.0033057061955332756042 0.0033770820591598749161 0.0035557306837290525436 0.0034148492850363254547 0.0036970966029912233353 0.0035234661772847175598 0.0032767793163657188416
0.0072300126776099205017 0.0075092306360602378845 0.0073517570272088050842 0.0074490793049335479736 0.0072123510763049125671 0.0073995515704154968262 0.0070767947472631931305 0.007140095345675945282 0.006543148774653673172 0.0062342104502022266388 0.005944228731095790863 0.0055084824562072753906 0.0055068247020244598389 0.0054219774901866912842 0.0054711131379008293152 0.0057527692988514900208 0.0056360568851232528687 0.0057969051413238048553 0.0056293709203600883484 0.0057634408585727214813 0.0056846924126148223877 0.0053486688993871212006 0.0049980855546891689301 0.0047636274248361587524 0.0047352351248264312744 0.004462890326976776123 0.0042730062268674373627 0.0040320353582501411438 0.0041503808461129665375 0.003954876679927110672 0.0036007678136229515076 0.0036742291413247585297 0.0037931150291115045547 0.0036728603299707174301 0.0036640658508986234665 0.0036445138975977897644 0.0036580399610102176666 0.0038029714487493038177 0.0035906583070755004883
0.0073653934523463249207 0.0072447424754500389099 0.007141122128814458847 0.0067169545218348503113 0.0068534165620803833008 0.0066183935850858688354 0.0065699112601578235626 0.0069165616296231746674 0.0066411546431481838226 0.0064570568501949310303 0.0061173192225396633148 0.0059205079451203346252 0.0054776435717940330505 0.0055543733760714530945 0.0055346321314573287964 0.0060772849246859550476 0.0057688155211508274078 0.0056023877114057540894 0.0057042683474719524384 0.0060303211212158203125 0.0061415620148181915283 0.005776696372777223587 0.0053716823458671569824 0.0050963182002305984497 0.0050034127198159694672 0.0048558046109974384308 0.0046042785979807376862 0.0044072242453694343567 0.0048444238491356372833 0.0045969234779477119446 0.0042970306240022182465 0.0041718906722962856293 0.0040299054235219955444 0.003972171340137720108 0.0039175581187009811401 0.0039126826450228691101 0.0038436222821474075317 0.0037893722765147686005 0.003863265039399266243
0.0074865836650133132935 0.0073664551600813865662 0.0070421202108263969421 0.006495995447039604187 0.00641838880255818367 0.0065518612973392009735 0.0071587231941521167755 0.0071250172331929206848 0.0067356079816818237305 0.0065774191170930862427 0.0062639326788485050201 0.0059127691201865673065 0.0055400379933416843414 0.0057654296979308128357 0.0059623103588819503784 0.0059883859939873218536 0.0060957595705986022949 0.0055823368020355701447 0.0055685159750282764435 0.0058590723201632499695 0.0063944999128580093384 0.0062604295089840888977 0.0059969532303512096405 0.0056353476829826831818 0.0056231301277875900269 0.0053907060064375400543 0.0052026025950908660889 0.0049693328328430652618 0.0051668859086930751801 0.0050361836329102516174 0.0049873800016939640045 0.0047578979283571243286 0.0045363083481788635254 0.0044360221363604068756 0.0044529763981699943542 0.0042720148339867591858 0.0042549362406134605408 0.0041416161693632602692 0.0039867004379630088806
0.0069120232947170734406 0.0070107770152390003204 0.0067155761644244194031 0.0063943979330360889435 0.0061837583780288696289 0.0064135692082345485687 0.0066890371963381767273 0.0063309571705758571625 0.0061870873905718326569 0.0065533583983778953552 0.0061681247316300868988 0.0057232193648815155029 0.0058625242672860622406 0.0061859171837568283081 0.0062776971608400344849 0.0061774719506502151489 0.0061041298322379589081 0.0058721322566270828247 0.0056813117116689682007 0.0059394291602075099945 0.0061333193443715572357 0.0064337956719100475311 0.0063261319883167743683 0.0061634439043700695038 0.0061546182259917259216 0.0058494526892900466919 0.0058495788834989070892 0.0054817087948322296143 0.0051614488475024700165 0.005605936981737613678 0.0052931220270693302155 0.0049212742596864700317 0.0050398488529026508331 0.004821788053959608078 0.0046666599810123443604 0.004571523517370223999 0.0041500818915665149689 0.004163602832704782486 0.0041142534464597702026
0.0065862601622939109802 0.0063785342499613761902 0.0065575232729315757751 0.0063468748703598976135 0.0058061662130057811737 0.005852513480931520462 0.0062273242510855197906 0.0060657174326479434967 0.0061665871180593967438 0.0061718439683318138123 0.0059720794670283794403 0.0056157591752707958221 0.0057847476564347743988 0.0062478301115334033966 0.0065383017063140869141 0.0065270392224192619324 0.0061714649200439453125 0.0061189443804323673248 0.0059105334803462028503 0.0060869380831718444824 0.0061768256127834320068 0.0064976415596902370453 0.0068739959970116615295 0.0065549705177545547485 0.0065952618606388568878 0.0066743493080139160156 0.0064879576675593852997 0.006300299428403377533 0.0056546339765191078186 0.0057663451880216598511 0.0056588267907500267029 0.0055054631084203720093 0.0050886729732155799866 0.0048156613484025001526 0.0047000562772154808044 0.0044431053102016448975 0.0044505922123789787292 0.0042308210395276546478 0.0040692714974284172058
0.0067598978057503700256 0.0065578268840909004211 0.0064624194055795669556 0.0064439014531672000885 0.0058351233601570129395 0.0056898132897913455963 0.0056474884040653705597 0.005652958061546087265 0.0059091099537909030914 0.0056829708628356456757 0.005808528512716293335 0.0055618737824261188507 0.0058098342269659042358 0.0064760996028780937195 0.0065069049596786499023 0.0064290724694728851318 0.0064199347980320453644 0.0060917050577700138092 0.0060137207619845867157 0.0058963382616639137268 0.0061240699142217636108 0.0063902684487402439117 0.0068778754211962223053 0.0071212579496204853058 0.0068693263456225395203 0.0069311247207224369049 0.0067665651440620422363 0.006498208269476890564 0.0061273886822164058685 0.0062881112098693847656 0.0061777541413903236389 0.0057860231027007102966 0.0050459788180887699127 0.0048088906332850456238 0.0047149476595222949982 0.0047025508247315883636 0.0044633108191192150116 0.0043501080945134162903 0.0042319246567785739899
0.0062793963588774204254 0.0065197800286114215851 0.0064037162810564041138 0.0062715066596865653992 0.006013414822518825531 0.0057452861219644546509 0.0057413298636674880981 0.0055064889602363109589 0.0056083435192704200745 0.0057175820693373680115 0.0058504696935415267944 0.0061270333826541900635 0.0061675254255533218384 0.0059863948263227939606 0.0062340595759451389313 0.0062074693851172924042 0.0060044471174478530884 0.0059938798658549785614 0.0055859256535768508911 0.0059664356522262096405 0.0060679093003273010254 0.0068383682519197463989 0.0069764335639774799347 0.0071461908519268035889 0.00713629135861992836 0.0071004224009811878204 0.0068964050151407718658 0.0067322254180908203125 0.0065798941068351268768 0.0061748996376991271973 0.0060762325301766395569 0.0056359339505434036255 0.0055243726819753646851 0.0052690007723867893219 0.0047767586074769496918 0.0047838324680924415588 0.0045520043931901454926 0.0044222599826753139496 0.0043450226075947284698
0.0061667826958000659943 0.0059468476101756095886 0.0057368436828255653381 0.0057200947776436805725 0.0056650280021131038666 0.0058891186490654945374 0.0056891171261668205261 0.0057192905806005001068 0.0054019107483327388763 0.0053360867314040660858 0.0058039571158587932587 0.0058739688247442245483 0.005939983762800693512 0.0058840522542595863342 0.0062970523722469806671 0.006347547285258769989 0.0061396039091050624847 0.0059211663901805877686 0.0062593240290880203247 0.006118427962064743042 0.0062087057158350944519 0.006670855451375246048 0.0066766361705958843231 0.0069748940877616405487 0.0072480859234929084778 0.0069670081138610839844 0.0067894826643168926239 0.0071136332117021083832 0.006706941407173871994 0.0063343415968120098114 0.0062311906367540359497 0.0062476499006152153015 0.0058619659394025802612 0.0058163669891655445099 0.0052254735492169857025 0.0047765201888978481293 0.0045639881864190101624 0.0044088349677622318268 0.0043609798885881900787
0.0057643116451799869537 0.0056022806093096733093 0.0056154080666601657867 0.0055875927209854125977 0.0057325800880789756775 0.0059851575642824172974 0.0058439709246158599854 0.0057790558785200119019 0.0058513344265520572662 0.0056302146986126899719 0.0054342099465429782867 0.0055587366223335266113 0.0056407018564641475677 0.0058427872136235237122 0.0058869845233857631683 0.0060191168449819087982 0.0061755878850817680359 0.0061319814994931221008 0.0065124896354973316193 0.0063710608519613742828 0.0068968534469604492188 0.0069607072509825229645 0.0068225450813770294189 0.0068443436175584793091 0.0071302363649010658264 0.0067649064585566520691 0.0071834004484117031097 0.0070829978212714195251 0.006699410267174243927 0.0065998858772218227386 0.0057953721843659877777 0.0058541763573884963989 0.005951579660177230835 0.0058785397559404373169 0.0056566176936030387878 0.0053775617852807044983 0.0049604419618844985962 0.0047069019638001918793 0.0044357175938785076141
0.0055668111890554428101 0.0055867913179099559784 0.0055917771533131599426 0.0055853244848549365997 0.0055213565938174724579 0.0054723201319575309753 0.0055388105101883411407 0.0055987606756389141083 0.0058118533343076705933 0.0057042283006012439728 0.00593830132856965065 0.0055179521441459655762 0.0057236873544752597809 0.0060171647928655147552 0.0060582994483411312103 0.0059146783314645290375 0.006146573927253484726 0.0066724307835102081299 0.0065082488581538200378 0.0068557281047105789185 0.0068372115492820739746 0.0070210839621722698212 0.0070763183757662773132 0.0073906308971345424652 0.0071563869714736938477 0.0067083374597132205963 0.0074026244692504405975 0.0070977350696921348572 0.0068024173378944396973 0.0064850198104977607727 0.0057538994587957859039 0.0060321870259940624237 0.0058544701896607875824 0.0057159829884767532349 0.0055249789729714393616 0.0053517464548349380493 0.0052612647414207458496 0.0050242217257618904114 0.0047316090203821659088
0.004341211169958114624 0.0044703851453959941864 0.0055999248288571834564 0.0055921636521816253662 0.0057335640303790569305 0.0055178119800984859467 0.0055412566289305686951 0.0055566979572176933289 0.0058086779899895191193 0.0059565599076449871063 0.006062259431928396225 0.0062073520384728908539 0.0062469923868775367737 0.0063079325482249259949 0.0062485365197062492371 0.0061318208463490009308 0.0060574728995561599731 0.0066265342757105827332 0.0064954929985105991364 0.0068068034015595912933 0.0072427182458341121674 0.0073195709846913814545 0.0073540080338716506958 0.0073642111383378505707 0.0071150683797895908356 0.0065320348367094993591 0.0069909021258354187012 0.0066744056530296802521 0.0068421666510403156281 0.0062755239196121692657 0.0055264639668166637421 0.0060454085469245910645 0.0060287420637905597687 0.0055715036578476428986 0.0055253542959690093994 0.0053197066299617290497 0.0051775723695755004883 0.0051476717926561832428 0.0050249327905476093292
0.0041799540631473064423 0.004265383351594209671 0.0044734538532793521881 0.0055797249078750610352 0.0052995081059634685516 0.0054663252085447311401 0.0056462804786860942841 0.0057029067538678646088 0.0058365552686154842377 0.0059308405034244060516 0.0061100167222321033478 0.006626788061112165451 0.0062329811044037342072 0.006432783324271440506 0.0063869860023260116577 0.0063286465592682361603 0.0063416543416678905487 0.0063921180553734302521 0.0066695734858512878418 0.0069714356213808059692 0.0074347327463328838348 0.0075439452193677425385 0.0075797848403453826904 0.0071578361093997955322 0.0067329867742955684662 0.0067471289075911045074 0.0068014306016266345978 0.0066997874528169631958 0.0067063001915812492371 0.0060819662176072597504 0.0057602562010288238525 0.0056910887360572814941 0.0056525780819356441498 0.0056163659319281578064 0.0054621002636849880219 0.0053174905478954315186 0.0052856141701340675354 0.0050992532633244991302 0.004942124243825674057
0.0040257014334201812744 0.004145177546888589859 0.0041827932000160217285 0.0045734946615993976593 0.0052947504445910453796 0.0056013194844126701355 0.0058118174783885478973 0.0054759155027568340302 0.006108769681304693222 0.0062152980826795101166 0.0062419828027486801147 0.0068296086974442005157 0.0066336416639387607574 0.0062773781828582286835 0.0063043148256838321686 0.0066229226067662239075 0.0065935640595853328705 0.0063891503959894180298 0.0066604684107005596161 0.0069246673956513404846 0.0076500200666487216949 0.0077754170633852481842 0.0072411643341183662415 0.0065269730985164642334 0.0068079628981649875641 0.0069834613241255283356 0.0071161924861371517181 0.0068345931358635425568 0.0064189019612967967987 0.0056170606985688209534 0.00581096624955534935 0.0059739914722740650177 0.0056450022384524345398 0.0054595712572336196899 0.0054032900370657444 0.0050927889533340930939 0.0050059137865900993347 0.004811492282897233963 0.0047684167511761188507
0.0039848824962973594666 0.0040723592974245548248 0.0041103656403720378876 0.0043340660631656646729 0.0045608310028910636902 0.004516755230724811554 0.0056483913213014602661 0.0058553679846227169037 0.0060905385762453079224 0.0064864601008594036102 0.0063900770619511604309 0.0072033577598631381989 0.0073340758681297302246 0.006911711767315864563 0.0065334928222000598907 0.0065550380386412143707 0.0067039784044027328491 0.0063752820715308189392 0.0066958707757294178009 0.0068401470780372619629 0.0073967529460787773132 0.0072156474925577640533 0.0069666635245084762573 0.0067002563737332820892 0.0071016419678926467896 0.0068658199161291122437 0.0069381436333060264587 0.0066039385274052619934 0.0066096913069486618042 0.0060251904651522636414 0.0051783402450382709503 0.0054849735461175441742 0.0056908018887042999268 0.0055824765004217624664 0.0052320677787065505981 0.0050411000847816467285 0.0048226583749055862427 0.004890386480838060379 0.0050355698913335800171
0.0038728520739823579788 0.0040905494242906570435 0.0040854997932910919189 0.004336333833634853363 0.0046165725216269493103 0.0047706752084195613861 0.0056941825896501541138 0.0059127444401383399963 0.0058114030398428440094 0.0065234350040555000305 0.0067348657175898551941 0.0064758947119116783142 0.0066971401683986186981 0.0067392266355454921722 0.0067095314152538776398 0.0067003136500716209412 0.0064038177952170372009 0.006452862173318862915 0.0066678691655397415161 0.0070387292653322219849 0.0071219881065189838409 0.0069868420250713825226 0.0068088723346590995789 0.0064108548685908317566 0.0068545024842023849487 0.0069710081443190574646 0.0069040423259139060974 0.0064167892560362815857 0.0063659013248980045319 0.0058476286940276622772 0.005192617420107126236 0.0052828760817646980286 0.0054272580891847610474 0.0054600886069238185883 0.0051453392952680587769 0.0051229731179773807526 0.0050783115439116954803 0.0049684285186231136322 0.0039632357656955718994
0.0036206650547683238983 0.0037521957419812679291 0.004017635248601436615 0.0042745815590023994446 0.0045767379924654960632 0.0046941516920924186707 0.0048888265155255794525 0.005955037195235490799 0.0060600279830396175385 0.0065674143843352794647 0.0069541581906378269196 0.0067863645963370800018 0.0069406852126121520996 0.0071945399977266788483 0.0067381607368588447571 0.0070580653846263885498 0.0065424409694969654083 0.0065153087489306926727 0.0068726935423910617828 0.0069241179153323173523 0.0069119497202336788177 0.0068535832688212394714 0.0066133579239249229431 0.0065432582050561904907 0.0067165452055633068085 0.0071818809956312179565 0.0067058764398097991943 0.0063401837833225727081 0.0061257993802428245544 0.0052605802193284034729 0.005173402838408946991 0.0055112936533987522125 0.0053863730281591415405 0.0052163442596793174744 0.0050761303864419460297 0.0050585656426846981049 0.0049456343986093997955 0.0048455302603542804718 0.0041291420347988605499
0.0035660727880895137787 0.0036522920709103345871 0.0038593532517552375793 0.0040179104544222354889 0.0042661917395889759064 0.0043093133717775344849 0.0046984632499516010284 0.0049240002408623695374 0.0062215975485742092133 0.0064782639965415000916 0.0066850841976702213287 0.0069542857818305492401 0.0068028117530047893524 0.007309436798095703125 0.0068705575540661811829 0.0069353557191789150238 0.0065391878597438335419 0.0065545132383704185486 0.0070146755315363407135 0.0070273252204060554504 0.0070993746630847454071 0.0065908785909414291382 0.0065317023545503616333 0.0060217385180294513702 0.0064701531082391738892 0.0068789161741733551025 0.006804271601140499115 0.0065526668913662433624 0.0057013002224266529083 0.005182807333767414093 0.0052259578369557857513 0.0055441469885408878326 0.0055601852945983409882 0.0051897773519158363342 0.0051324693486094474792 0.0051003838889300823212 0.0050138030201196670532 0.0039842510595917701721 0.004039625171571969986
