spatial-objects/o3_sobralia_turkeliae_suitability.asc
ncols        291
nrows        503
xllcorner    -82.083333333333
yllcorner    -16.125000000000
cellsize     0.041666666667
NODATA_value nan
[rows 216 to 233 of 503, columns 0 to 38 of 291]
nan nan nan nan nan nan nan nan nan nan nan nan nan nan nan nan nan nan nan nan nan nan 2.7241358111496083438e-05 0.00093587843002751469612 0.00033068525954149663448 0.00020223353931214660406 0.00024805151042528450489 0.00024265526735689491034 0.00017975109221879392862 0.0001472117728553712368 9.2598034825641661882e-05 0.00017996033420786261559 0.00030131032690405845642 0.00060941034462302923203 0.0012525648344308137894 0.00067762529943138360977 0.00015792684280313551426 0.00014397205086424946785 5.5573334975633770227e-05
nan nan nan nan nan nan nan nan nan nan nan nan nan nan nan nan nan nan nan nan 3.3416992664569988847e-05 3.0024333682376891375e-05 8.65747861098498106e-05 0.00044756004353985190392 0.00036942624137736856937 0.00016755962860770523548 0.00031820515869185328484 0.00017502476111985743046 0.00011510754120536148548 7.5004696554969996214e-05 8.6777661636006087065e-05 0.0002912817872129380703 0.00067286961711943149567 0.0009713621111586689949 0.00076354568591341376305 0.00022287211322691291571 7.3496608820278197527e-05 3.0136789064272306859e-05 4.4874366722069680691e-05
nan nan nan nan nan nan nan nan nan nan nan nan nan nan nan nan nan nan nan 4.8183068429352715611e-05 2.5223363991244696081e-05 6.1052822275087237358e-05 0.00030895357485860586166 0.00034373020753264427185 0.00031172673334367573261 0.00025579208158887922764 0.00021268926502671092749 0.00010073572775581851602 0.00011378847557352855802 4.929708666168153286e-05 8.4273422544356435537e-05 0.0001639425172470510006 0.0009170023258775472641 0.00062901584897190332413 0.00036234065191820263863 9.8028729553334414959e-05 3.5278284485684707761e-05 1.1601761798374354839e-05 1.4132512660580687225e-05
nan nan nan nan nan nan nan nan nan nan nan nan nan nan nan nan nan nan nan 4.016868842882104218e-05 4.1224382584914565086e-05 0.00048286278615705668926 0.00060494785429909825325 0.00045737763866782188416 0.000247326242970302701 0.00014562356227543205023 7.9905927123036235571e-05 9.354968642583116889e-05 5.4540148994419723749e-05 6.2781640735920518637e-05 0.00012047659402014687657 0.00058974453713744878769 0.0004122516256757080555 0.00010998667858075350523 3.1921077606966719031e-05 4.3731550249503925443e-05 1.466339472244726494e-05 7.6047481343266554177e-06 7.1123399720818269998e-06
nan nan nan nan nan nan nan nan nan nan nan nan nan nan nan nan nan nan nan nan 3.6576493585016578436e-05 0.00045737295295111835003 0.00059994618641212582588 0.00064732937607914209366 0.00026352339773438870907 0.00026403702213428914547 8.7318461737595498562e-05 8.9241562818642705679e-05 4.652974530472420156e-05 4.0788851038087159395e-05 0.00020123450667597353458 0.00043006066698580980301 0.00015523986076004803181 7.5010619184467941523e-05 3.6817269574385136366e-05 8.7927264758036471903e-06 6.5477925090817734599e-06 4.7098974391701631248e-06 4.0886066017264965922e-06
nan nan nan nan nan nan nan nan nan nan nan nan nan nan nan nan nan nan nan 3.6809149605687707663e-05 4.5854711061110720038e-05 4.1874005546560510993e-05 3.279510565334931016e-05 0.00063864648109301924706 0.00047240036656148731709 0.00018456578254699707031 0.00010219900286756455898 4.1720304579939693213e-05 3.12740994559135288e-05 3.525619467836804688e-05 0.0001290057407459244132 0.00011030380846932530403 5.8279692893847823143e-05 2.6753599740914069116e-05 1.5097330106073059142e-05 8.1329617387382313609e-06 5.7305173868371639401e-06 4.5223878260003402829e-06 2.2047458969609579071e-06
nan nan nan nan nan nan nan nan nan nan nan nan nan nan nan nan nan nan nan 3.8682523154420778155e-05 6.0812690207967534661e-05 3.7657355278497561812e-05 3.7744917790405452251e-05 0.00049754709471017122269 0.0012160030892118811607 0.00039418679079972207546 0.00010503621160751208663 1.4605135220335796475e-05 2.4628856408526189625e-05 6.4749692683108150959e-05 5.5036587582435458899e-05 7.0181573391892015934e-05 5.8514880947768688202e-05 3.4779961424646899104e-05 1.023501863528508693e-05 5.8118548622587695718e-06 2.8780289085261756554e-06 2.2614999579673167318e-06 1.3824852658217423595e-06
nan nan nan nan nan nan nan nan nan nan nan nan nan nan nan nan nan nan 8.7733256805222481489e-05 8.2882754213642328978e-05 5.4503627325175330043e-05 5.1345999963814392686e-05 4.643818829208612442e-05 0.0012178489705547690392 0.00076878513209521770477 0.00034156281617470085621 0.00011275575525360181928 9.8375363450031727552e-05 2.3076270736055448651e-05 3.3214135328307747841e-05 6.6446460550650954247e-05 3.8683974707964807749e-05 2.2521664504893124104e-05 3.3873697248054668307e-05 1.2707030691672116518e-05 6.3705811044201254845e-06 1.6312601474055554718e-06 1.2756921705658896826e-06 7.3706740977286244743e-07
nan nan nan nan nan nan nan nan nan nan nan nan nan nan nan nan nan nan 0.00011783737136283889413 7.7336371759884059429e-05 0.00015448518388438969851 6.3643448811490088701e-05 0.00028746423777192831039 0.0014490982284769415855 0.00051043130224570631981 6.8572517193388193846e-05 7.6441516284830868244e-05 7.5167539762333035469e-05 9.059982403414323926e-06 2.357294215471483767e-05 2.8866001230198889971e-05 2.1214393200352787971e-05 3.2359013857785612345e-05 1.8281414668308570981e-05 8.4450557551463134587e-06 5.7326187743456102908e-06 2.2238277779251802713e-06 1.0320979981770506129e-06 3.2973602515085076448e-07
nan nan nan nan nan nan nan nan nan nan nan nan nan nan nan nan nan nan nan 0.00010916946484940126538 8.5398176452144980431e-05 5.9579888329608365893e-05 0.00029472151072695851326 0.0010221967240795493126 0.00060618249699473381042 9.7887706942856311798e-05 5.1107599574606865644e-05 7.0357913500629365444e-05 3.1629548175260424614e-05 2.0479421436903066933e-05 4.3676664063241332769e-05 3.4172269806731492281e-05 2.5163835744024254382e-05 7.6840578913106583059e-06 6.9092134253878612071e-06 4.8407910071546211839e-06 1.0751574563983012922e-06 1.0103664180860505439e-06 3.4227298328914912418e-07
nan nan nan nan nan nan nan nan nan nan nan nan nan nan nan nan nan nan 0.00017060105165001004934 0.00012631648860406130552 0.00011300031474092975259 7.7078977483324706554e-05 0.00038119489909149706364 0.0010174210183322429657 0.00026338230236433446407 4.8619313020026311278e-05 6.4187595853582024574e-05 7.2093229391612112522e-05 8.7922955572139471769e-05 2.7082764063379727304e-05 5.0812846893677487969e-05 3.7162921216804534197e-05 2.0969537217752076685e-05 2.7285709620628040284e-06 8.4737939687329344451e-06 6.7643040893017314374e-06 2.7326843792252475396e-06 8.8706798351267934777e-07 3.5683200394487357698e-07
nan nan nan nan nan nan nan nan nan nan nan nan nan nan nan nan nan nan 0.00023745308862999081612 0.00013861761544831097126 0.00011809502029791474342 8.8990695076063275337e-05 6.3265018980018794537e-05 0.00054024194832891225815 4.5776927436236292124e-05 5.1963987061753869057e-05 4.9108137318398803473e-05 3.5776389267994090915e-05 1.9124658138025552034e-05 5.0778508011717349291e-05 6.428630149457603693e-05 4.4879303459310904145e-05 2.2800646547693759203e-05 1.63725871971109882e-05 1.2435261851351242512e-05 6.6570150920597370714e-06 3.7856855215068208054e-06 3.5947221022070152685e-07 3.8421009662670257967e-07
nan nan nan nan nan nan nan nan nan nan nan nan nan nan nan nan nan nan 0.00027098992723040282726 0.0001387517550028860569 0.00016182768740691244602 0.00010159805970033630729 0.00042182428296655416489 0.0011052187765017151833 0.00022116952459327876568 8.6146967078093439341e-05 5.8024452300742268562e-05 0.00010005597869167104363 6.7214015871286392212e-05 0.00012776540825143456459 0.0001945780095411464572 0.00012374958896543830633 5.0255097448825836182e-05 3.8547270378330722451e-05 2.361235965508967638e-05 7.7858667282271198928e-06 4.1319103729620110244e-06 3.4518660640969756059e-07 3.6801475289394147694e-07
nan nan nan nan nan nan nan nan nan nan nan nan nan nan nan nan nan nan 0.0003441194421611726284 0.00024787365691736340523 0.00017109130567405372858 0.00013829456293024122715 0.00061601027846336364746 0.00048681392217986285686 0.00033638693275861442089 0.0004652543866541236639 0.00034349507768638432026 0.00047037805779837071896 0.00045095296809449791908 0.00041398103348910808563 0.00048699649050831794739 0.00019632501062005758286 6.2012521084398031235e-05 4.2955962271662428975e-05 3.3496056857984513044e-05 1.0791585737024433911e-05 8.0474783317185938358e-06 6.6299134005021187477e-07 2.2694234758091624826e-06
nan nan nan nan nan nan nan nan nan nan nan nan nan nan nan nan nan nan nan 0.00030755129409953951836 0.00017753138672560453415 0.00012456031981855630875 9.4661620096303522587e-05 8.8688379037193953991e-05 5.4476568038808181882e-05 0.00055151921696960926056 0.0012437141267582774162 0.00045913533540442585945 0.0011002506362274289131 0.0010646211449056863785 0.0007136026979424059391 0.0001778812875272706151 0.00010605340503389015794 0.00020004468387924134731 4.8118887207238003612e-05 5.5361189879477024078e-05 5.3760213631903752685e-06 5.4968973017821554095e-06 5.0427802307240199298e-06
nan nan nan nan nan nan nan nan nan nan nan nan nan nan nan nan nan nan nan nan 0.00031578991911374032497 0.00014511165500152856112 0.00010644655412761494517 7.2849870775826275349e-05 0.00031297569512389600277 3.4408047213219106197e-05 0.00022766701295040547848 0.00011524104775162413716 0.0015828156610950827599 0.00082403264241293072701 0.0011356290196999907494 0.00012087517097825184464 0.00030257107573561370373 0.00046793703222647309303 0.00016228119784500449896 1.1688448466884437948e-05 3.9600370655534788966e-05 3.2546231523156166077e-05 2.2948344849282875657e-05
nan nan nan nan nan nan nan nan nan nan nan nan nan nan nan nan nan nan nan nan nan 0.00017733612912707030773 9.8146105301566421986e-05 0.00090127211296930909157 0.0015406145248562097549 0.00035505549749359488487 0.00046415260294452309608 0.00045928766485303640366 0.00016732963558752089739 8.5273102740757167339e-05 0.00013168483565095812082 0.00029217169503681361675 0.00015545629139523953199 0.00017683459736872464418 2.9553395506809465587e-05 3.2990916224662214518e-05 0.00012041443551424890757 0.00010126526467502117157 6.5699052356649190187e-05
nan nan nan nan nan nan nan nan nan nan nan nan nan nan nan nan nan nan nan nan nan nan 0.00022572115994989871979 0.000112294932478107512 0.0001137215804192237556 7.8022007073741406202e-05 0.00010133647447219118476 0.00030632570269517600536 0.00012936844723299145699 7.89008336141705513e-05 0.00029918985092081129551 0.00019711392815224826336 0.00013009918620809912682 5.4525586165254935622e-05 8.7644024461042135954e-05 0.00023589393822476267815 0.00016379960288759320974 0.00020328552636783570051 0.0001631699706194922328
