spatial-objects/o3_sobralia_turkeliae_suitability.asc
ncols        291
nrows        503
xllcorner    -82.083333333333
yllcorner    -16.125000000000
cellsize     0.041666666667
NODATA_value nan
[rows 108 to 125 of 503, columns 39 to 77 of 291]
nan nan nan nan nan nan nan nan nan nan 0.00037966136005707085133 0.00032483026734553277493 0.00019383647304493933916 0.00012214282469358295202 0.00064906675834208726883 0.00053302338346838951111 0.00036842614645138382912 0.00029127739253453910351 0.00010779031435959041119 5.6802291510393843055e-05 3.6511872167466208339e-05 1.5063576938700862229e-05 6.6732341110764537007e-06 3.6359010664455126971e-06 2.3254472125699976459e-06 1.795302182472369168e-06 1.6652167005304363556e-06 1.9260069166193716228e-06 2.474514303685282357e-06 3.4331194456171942875e-06 6.3113152464211452752e-06 1.394522587361279875e-05 3.2818992622196674347e-05 8.0890720710158348083e-05 0.00061014777747914195061 0.0014568022452294826508 0.0025329575873911380768 0.00036263780202716588974 0.00072391110006719827652
nan nan nan nan nan nan nan nan nan nan 0.00036691100103780627251 0.00032234078389592468739 0.00021624106739182025194 0.00011621922021731734276 0.00059393915580585598946 0.00041379078174941241741 0.00027314480394124984741 0.00014775559247937053442 7.1138252678792923689e-05 3.8766716897953301668e-05 2.3721589968772605062e-05 9.0361418187967501581e-06 4.2250744627381209284e-06 2.2418892058340134099e-06 1.3261380900075891986e-06 1.2764045322910533287e-06 9.7523866315896157175e-07 8.6943077803880441934e-07 1.019060277940297965e-06 1.844697294473007787e-06 3.7889280974923167378e-06 1.0162735634366981685e-05 2.7248874175711534917e-05 7.4739094998221844435e-05 0.00020993192447349429131 0.00071584072429686784744 0.00050685135647654533386 0.00078408175613731145859 0.0017277165316045284271
nan nan nan nan nan nan nan nan nan nan 0.00036233317223377525806 0.00031707389280200004578 0.00022764984169043600559 9.3148642918094992638e-05 4.963046012562699616e-05 0.0003472288080956786871 0.00017899469821713864803 8.7709137005731463432e-05 4.9387053877580910921e-05 2.6354933652328327298e-05 1.4701263353344984353e-05 7.6436417657532729208e-06 2.6001798687502741814e-06 1.1196616469533182681e-06 6.3648724335507722571e-07 4.6513372353729209863e-07 5.3317182846512878314e-07 4.9353684516972862184e-07 6.3178418940879055299e-07 1.0621337196425884031e-06 2.0566710645653074607e-06 8.7347525550285354257e-06 2.3361235435004346073e-05 7.335066766245290637e-05 0.00013767536438535898924 0.00056681741261854767799 0.001723825233057141304 0.0041212555952370166779 0.0075096553191542625427
nan nan nan nan nan nan nan nan nan nan 0.00036533764796331524849 0.00027961636078543961048 0.00015219862689264118671 0.00063778617186471819878 0.00044125632848590612411 0.00025437111617065966129 0.00012585755030158907175 6.6256972786504775286e-05 3.9931655919644981623e-05 1.753945070959161967e-05 1.0243411452393047512e-05 4.2849742385442368686e-06 1.6965869917839881964e-06 6.1346946722551365383e-07 3.3512350228193099611e-07 1.9628291170192824211e-07 1.7385509920586628141e-07 2.5244173684768611565e-07 3.2442403608001768589e-07 5.1052734306722413749e-07 1.5638952390872873366e-06 4.6022973947401624173e-06 1.5597863239236176014e-05 5.4956475651124492288e-05 0.00016539687931071966887 0.00050903222290799021721 0.00099311117082834243774 0.0023080725222826004028 0.00036633494892157614231
nan nan nan nan nan nan nan nan nan nan 0.00035847010440193116665 0.00023067659640219062567 0.0008598656277172267437 0.00059651012998074293137 0.00033980127773247659206 0.00019421320757828652859 9.7037875093519687653e-05 5.4478885431308299303e-05 2.6892645109910517931e-05 1.3104212484904564917e-05 5.7524480325810145587e-06 2.5223696411558194086e-06 8.5233415347829577513e-07 3.6250213497623917647e-07 1.4746652254871150944e-07 7.8965648242501629284e-08 6.4197472227078833384e-08 9.9932599084695539204e-08 1.5621908744378742995e-07 2.4467544790240935981e-07 6.0855700212414376438e-07 2.8099418614146998152e-06 1.0806600585056003183e-05 3.8359255995601415634e-05 0.00011924347927561029792 0.00029565626755356788635 0.00056609243620187044144 0.00055173499276861548424 4.0494767745258286595e-05
nan nan nan nan nan nan nan nan nan 0.00042871964978985488415 0.00035773581475950777531 0.0011702751507982611656 0.00075576110975816845894 4.8768135457066819072e-05 0.00029754426213912665844 0.00015506461204495280981 7.9574849223718047142e-05 4.3065763748018071055e-05 1.9962109945481643081e-05 1.0033923899754881859e-05 3.9865290091256611049e-06 1.73914304468780756e-06 6.6979123403143603355e-07 2.0850079351930617122e-07 6.6580263080595614156e-08 2.907096785520479898e-08 2.6582274159636654076e-08 2.6066519609457827755e-08 4.230219374790067377e-08 8.6525858478125883266e-08 2.6208525127913162578e-07 1.1920448059754562564e-06 6.9077500484127085656e-06 2.1845580704393796623e-05 5.7640667364466935396e-05 8.3453123806975781918e-05 0.00012367863382678478956 4.2551746446406468749e-06 1.7307882444583810866e-05
nan nan nan nan nan nan nan nan 0.0018079795408993959427 0.0004619765386451035738 0.00034449243685230612755 0.00016755590331740677357 0.00071530533023178577423 0.00042520184069871902466 0.00026599341072142124176 0.0001309230574406683445 6.4073159592226147652e-05 3.0310955480672419071e-05 1.5096676179382484406e-05 7.0625824264425318688e-06 3.1156812383414944634e-06 1.2250361578480806202e-06 4.5017580418971192557e-07 1.3103660023716656724e-07 3.6886788734591391403e-08 9.0086622606122546131e-09 6.8835368516317885224e-09 7.892711373358451965e-09 2.2159124313247957616e-08 7.553113334779482102e-08 1.6080028331089124549e-07 6.6354590444461791776e-07 3.2746761462476570159e-06 9.7830061349668540061e-06 2.0168716218904592097e-05 1.6752468582126311958e-05 2.5317694962723180652e-06 7.2095781433745287359e-07 7.3853402682289015502e-07
nan nan nan nan nan nan nan nan 0.0016736991237848997116 0.00181459041777998209 0.0014182426966726779938 0.00095516676083207130432 0.00063010392477735877037 2.8869691959698684514e-05 0.00022588587307836860418 0.00011096405069110915065 5.2994990255683660507e-05 2.4415385269094258547e-05 1.2140234503021929413e-05 5.5553027777932584286e-06 2.6302934656996512786e-06 1.0041887890110956505e-06 3.4595794318192929495e-07 1.040410779751255177e-07 2.1916248371667279571e-08 3.8891938558549554728e-09 2.4432784684336184e-09 4.6558796817919301247e-09 1.2723541331638443808e-08 4.0710450122105612536e-08 1.3909817653257050551e-07 5.3152217560636927374e-07 1.6924266219575656578e-06 3.9148999348981305957e-06 6.0883080550411250442e-06 2.5967121928260894492e-06 1.416959776179282926e-07 2.2571938984583539423e-08 1.7174416200305131497e-07
nan nan nan nan nan nan nan 0.0016498417826369404793 0.0020380783826112747192 0.0016360416775569319725 0.0012988591333851218224 0.00088354136096313595772 0.00055578473256900906563 0.00033926716423593461514 0.0001821594778448343277 8.7533924670424312353e-05 4.1123006667476147413e-05 1.9095257812296040356e-05 9.261178092856425792e-06 4.2907317947538103908e-06 1.9910662558686453849e-06 8.3735000089291133918e-07 2.9953440616736770608e-07 7.913583743857088848e-08 1.7119305084634106606e-08 4.4684576039344392484e-09 2.6437754208075148199e-09 4.7386152779438361904e-09 1.1322036641558952397e-08 3.0368163095317868283e-08 9.471153816775768064e-08 3.1246815979102393612e-07 7.9174623124345089309e-07 1.6338520936187705956e-06 2.6317875381209887564e-06 1.7263968175029731356e-06 3.0194286182450014167e-07 5.4165848695220120135e-08 1.8500001033316948451e-06
nan nan nan nan nan nan 0.00058051594533026218414 0.0017947443993762135506 0.002071450231596827507 0.0013838348677381873131 0.0011178075801581144333 0.00078833109000697731972 0.00051507202442735433578 0.00029997510137036442757 0.00015753640036564320326 7.597717922180891037e-05 3.5177534300601109862e-05 1.630551741982344538e-05 7.4242720984329935163e-06 3.2671125609340379015e-06 1.5587793313898146152e-06 6.2032324876781785861e-07 2.3019813966129731853e-07 5.6843450835231124074e-08 1.5371849571010898217e-08 4.8005039943177507666e-09 2.9933489020805836844e-09 3.2785711923111193755e-09 7.892476894255651132e-09 1.6764925447887435439e-08 5.2529621541452797828e-08 1.6115525625082227634e-07 4.262042239133734256e-07 7.9272513175965286791e-07 1.1157652579640853219e-06 1.0035406603492447175e-06 1.9843194820623466512e-07 1.6927453998505370691e-06 8.1396474342909641564e-06
nan nan nan nan nan 0.0017151810461655259132 0.0020827727857977151871 0.0023058194201439619064 0.0021582343615591526031 0.0012895511463284492493 0.001041126670315861702 0.00070596195291727781296 0.00044782276381738483906 0.00025437035947106778622 0.00013495114399120211601 7.0132155087776482105e-05 3.1055169529281556606e-05 1.378259548800997436e-05 5.7849483710015192628e-06 2.535054591135121882e-06 1.1348743100825231522e-06 4.0629583963891491294e-07 1.4524715652441955172e-07 4.1929343552737918799e-08 1.2965257312202993489e-08 4.6427346411803682713e-09 2.9968314496642278755e-09 3.1729188165741106786e-09 4.3037715613536420278e-09 1.0524901838948608201e-08 2.8749187919174801209e-08 1.1103428931846792693e-07 2.359930277862076764e-07 3.9169728438537276816e-07 7.731773621344473213e-07 1.142526343755889684e-06 1.1581378203118219972e-06 3.97838078924905858e-07 1.4442237443290650845e-05
nan nan nan nan 0.00047643535071983933449 0.0017272308468818664551 0.0023383563384413719177 0.0025140261277556419373 0.0017897273646667599678 0.0012271219165995717049 0.00097038276726379990578 0.00064692832529544830322 0.00039105286123231053352 0.00022113833983894437551 0.00012058208812959492207 6.0320002376101911068e-05 2.6687421268434263766e-05 1.1197041203558910638e-05 5.0369244490866549313e-06 2.0927725472574820742e-06 8.8840300804804428481e-07 2.9034532644800492562e-07 9.0897700033565342892e-08 2.6804990227446978679e-08 9.4445109510843394673e-09 3.6443963402632562065e-09 2.6673210307137651398e-09 2.9232682940971699281e-09 3.9406100604821858724e-09 7.9590645185589892208e-09 2.2465366456003721396e-08 8.9068294073513243347e-08 1.7635105109548021574e-07 1.7845697186658071587e-07 2.7543771352611656766e-07 6.4473385918972780928e-07 7.905065899649343919e-07 8.8367119133181404322e-07 2.1444044250529259443e-05
nan nan 0.00068334006937220692635 0.00072177167749032378197 0.00050948344869539141655 0.00058614439330995082855 0.001954816281795501709 0.0020018350332975387573 0.0018660321366041898727 0.001242635771632194519 0.00097269326215609908104 0.00057077844394370913506 0.00035510273301042616367 0.00020532209600787609816 0.00010985926928697153926 5.2924173360224813223e-05 2.3711387257208116353e-05 9.8154105216963216662e-06 4.1958078327297698706e-06 1.5734113958387752064e-06 6.3328735677714576013e-07 2.0558192659336782526e-07 6.1979001486633933382e-08 1.8169238558130018646e-08 7.0614674108071540104e-09 3.6319649510119234037e-09 2.2516768449776236594e-09 2.1335568867186793796e-09 3.1633242691953000758e-09 6.0921707678573966405e-09 1.9877722579053624941e-08 1.0207759260083548725e-07 1.1257601784109283471e-07 7.8823362059665669221e-08 1.9730291000996658113e-07 5.7379253348699421622e-07 1.2434694554031011648e-06 1.9886426798620959744e-06 1.4053186532692052424e-05
nan 0.00076457130489870905876 0.00079181051114574074745 0.00074385170591995120049 0.00055567413801327347755 0.00065130315488204360008 0.0028356593102216720581 0.0022315096575766801834 0.0016762501327320933342 0.0012948433868587017059 0.00081550987670198082924 0.00052817451069131493568 0.00032183434814214706421 0.00017388943524565547705 9.5226052508223801851e-05 4.4114498450653627515e-05 1.9471033738227561116e-05 8.3780641944031231105e-06 3.1969605061021866277e-06 1.2629227512661600485e-06 4.9044598426917218603e-07 1.5291351473933900706e-07 4.1450455512404005276e-08 1.0588450116699732462e-08 4.5852970309567808727e-09 2.8135636043202794099e-09 2.025814627160116288e-09 1.8901804565985003137e-09 2.2053798787169398565e-09 4.8262629448458937986e-09 3.3944669297625296167e-08 1.0961228724681859603e-07 8.7610118271186365746e-08 7.6875522836417076178e-08 5.1902350151067366824e-07 1.7613888303458224982e-06 3.6323497170087648556e-06 7.0930532274360302836e-06 4.3144595110788941383e-05
nan 0.00090081791859120130539 0.00092769094044342637062 0.00081707042409107089043 0.00079159898450598120689 0.00083119893679395318031 0.0024324073456227779388 0.0018657294567674398422 0.0014483735430985689163 0.0011152426013723015785 0.00072031060699373483658 0.00044591684127226471901 0.00028352276422083377838 0.00015525381604675203562 8.4790110122412443161e-05 4.1442235669819638133e-05 1.7622203813516534865e-05 7.2270759119419381022e-06 2.9483217076631262898e-06 1.1010320122295524925e-06 3.8121117995615350083e-07 1.3501089313194825081e-07 3.5324656977309132344e-08 8.6958449330154508061e-09 3.948124938091268632e-09 2.9965168124590491061e-09 2.229539664000412813e-09 2.0811969925205175969e-09 2.0268937639400519402e-09 4.6001407127960192156e-09 1.9932768324792959902e-08 5.7803184461135970196e-08 7.73132740050641587e-08 1.6611345188266568584e-07 1.2868259773313184269e-06 3.4573467928566969931e-06 6.7093351390212774277e-06 1.2144520042056683451e-05 8.3786158938892185688e-05
0.00079766061389818787575 0.0010887493845075368881 0.00098120840266346931458 0.00098917400464415550232 0.0034454925917088985443 0.0029259226284921169281 0.00046378021943382918835 0.00042771422886289656162 0.0014992628712207078934 0.00093453226145356893539 0.00064590841066092252731 0.00042417488293722271919 0.00023935863282531499863 0.00013635520008392632008 7.7303338912315666676e-05 3.8610964111285284162e-05 1.7150448911706916988e-05 6.2628519117424730211e-06 2.6606853680277708918e-06 1.0134745025425218046e-06 4.2112915821235219482e-07 1.5237564809922332643e-07 4.659186458866315661e-08 1.4483896748629376816e-08 6.368736649164929986e-09 3.5413318943966487495e-09 2.9296103321030386724e-09 2.5498427813630542005e-09 2.5590756180804419273e-09 3.9848968569344833668e-09 1.113879921632587866e-08 3.6071895692657562904e-08 2.3402222382173931692e-07 9.4759678859190898947e-07 2.2584831640415359288e-06 9.3602257038583047688e-06 1.7055233911378309131e-05 1.2137153134972322732e-05 3.3316937333438545465e-05
0.0010434726718813180923 0.00099142780527472496033 0.0011302666971459984779 0.00095865054754540324211 0.0032917519565671682358 0.0026346535887569189072 0.00044500903459265828133 0.00032410726998932659626 0.0012216439936310052872 0.00080786691978573799133 0.00056867126841098070145 0.00038575695361942052841 0.00022942486975807696581 0.00013018520257901400328 6.8586465204134583473e-05 3.5394685255596414208e-05 1.6844142010086216033e-05 6.4528858274570666254e-06 2.4562309590692166239e-06 1.040311872202437371e-06 4.4764726681023603305e-07 1.6706944450106675504e-07 6.1305129861466411967e-08 2.744961413725377497e-08 9.7030143919596412161e-09 5.6703810535907450685e-09 3.9240175553345579829e-09 3.0577478327131757396e-09 3.1513578413466802886e-09 4.9273682911632477044e-09 1.7622273418282929924e-08 3.8187376816267715185e-08 3.9853068756201537326e-07 4.5240290091896895319e-06 6.0265906540735159069e-06 8.6385225586127489805e-06 1.182241157948737964e-05 2.7222089556744322181e-05 4.2450657929293811321e-05
0.00079822237603366374969 0.00089665764244273304939 0.0012630324345082044601 0.00099573435727506875992 0.0025909584946930408478 0.0030441367998719215393 0.000548744923435151577 0.0012288732687011361122 0.00083051715046167373657 0.00068797043059021234512 0.0005031367763876914978 0.00035170585033483803272 0.00019858861924149096012 0.00010487090912647545338 6.841383583378046751e-05 3.0178662200341932476e-05 1.380088633595732972e-05 6.4789037423906847835e-06 2.6001266633102204651e-06 1.105789010580338072e-06 4.6959789301581622567e-07 1.9964538466865633382e-07 9.0104094851994886994e-08 3.8338043850671965629e-08 1.518137260347884876e-08 8.7157241424051790091e-09 5.6009175075644179742e-09 4.4011665423226986604e-09 4.1152361518470570445e-09 8.7110905155896034557e-09 7.0299741139479010599e-08 2.7355204679224698339e-07 3.0744940886506810784e-06 6.0211168602108955383e-06 1.2082909051969181746e-05 1.6709289411664940417e-05 1.8991335309692658484e-05 3.5018565540667623281e-05 0.00020762179337907582521
