spatial-objects/o4_sobralia_turkeliae_suitability_logistic.asc
ncols        332
nrows        480
xllcorner    -84.291666666667
yllcorner    -15.666666666667
cellsize     0.041666666667
NODATA_value -9999
[rows 190 to 208 of 480, columns 210 to 251 of 332]
0.026985913515090942383 0.027529260143637657166 0.035606220364570617676 0.027661321684718132019 0.02840627916157245636 0.027561269700527191162 0.028056001290678977966 0.054958686232566833496 0.050238035619258880615 0.032338418066501617432 0.025835372507572174072 0.044265277683734893799 0.039489794522523880005 0.038173221051692962646 0.043527610599994659424 0.039342235773801803589 0.036555137485265731812 0.032236199826002120972 0.029761360958218574524 0.027502123266458511353 0.025175942108035087585 0.021615875884890556335 0.020084802061319351196 0.021194584667682647705 0.019129924476146697998 0.018040455877780914307 0.017037034034729003906 0.014167968183755874634 0.013361664488911628723 0.013267866335809230804 0.012970633804798126221 0.011516411788761615753 0.012077257968485355377 0.012410035356879234314 0.011322981677949428558 0.010999936610460281372 0.010036483407020568848 0.010861150920391082764 0.010775774717330932617 0.010723071172833442688 0.010910953395068645477 0.010150497779250144958
0.026327932253479957581 0.028240347281098365784 0.026398731395602226257 0.028428355231881141663 0.028929125517606735229 0.028967602178454399109 0.028967667371034622192 0.029292955994606018066 0.027103262022137641907 0.026153855025768280029 0.046303234994411468506 0.042316425591707229614 0.039739809930324554443 0.046817280352115631104 0.040891714394092559814 0.03136471286416053772 0.036147452890872955322 0.031202865764498710632 0.028506323695182800293 0.026398463174700737 0.02447132207453250885 0.021017780527472496033 0.018447281792759895325 0.018901040777564048767 0.018217697739601135254 0.016851551830768585205 0.01486119348555803299 0.01355180051177740097 0.013074220158159732819 0.011716211214661598206 0.011216950602829456329 0.011270680464804172516 0.010870341211557388306 0.011049728840589523315 0.011387986131012439728 0.011033578775823116302 0.010912389494478702545 0.010438845492899417877 0.0099923759698867797852 0.0096647674217820167542 0.0096986154094338417053 0.009246588684618473053
0.027366043999791145325 0.028072467073798179626 0.026833761483430862427 0.028731977567076683044 0.029659839347004890442 0.030241964384913444519 0.030105592682957649231 0.030115270987153053284 0.028608607128262519836 0.026166917756199836731 0.025000948458909988403 0.040787592530250549316 0.037715867161750793457 0.043095897883176803589 0.040728975087404251099 0.031252350658178329468 0.034995693713426589966 0.03125675395131111145 0.028167339041829109192 0.024152923375368118286 0.022634832188487052917 0.0208071097731590271 0.017799146473407745361 0.017121205106377601624 0.016232073307037353516 0.01490640547126531601 0.013770816847681999207 0.01300081983208656311 0.01297417469322681427 0.01230892818421125412 0.010663482360541820526 0.0095880636945366859436 0.010124197229743003845 0.010482570156455039978 0.010636673308908939362 0.011361916549503803253 0.011219810694456100464 0.010656429454684257507 0.010127915069460868835 0.0096691800281405448914 0.0094994092360138893127 0.008290419355034828186
0.027336370199918746948 0.027115834876894950867 0.027052473276853561401 0.027972567826509475708 0.028504960238933563232 0.028281206265091896057 0.028928188607096672058 0.052634727209806442261 0.053378410637378692627 0.045428350567817687988 0.024851949885487556458 0.039525292813777923584 0.045561246573925018311 0.041247215121984481812 0.03919282183051109314 0.03521183505654335022 0.032080274075269699097 0.02904882282018661499 0.02617386355996131897 0.023225730285048484802 0.021915897727012634277 0.019919671118259429932 0.017689641565084457397 0.011913974769413471222 0.015281262807548046112 0.013371538370847702026 0.012921107001602649689 0.012488762848079204559 0.012210221029818058014 0.011396880261600017548 0.010753926821053028107 0.010349737480282783508 0.0097683081403374671936 0.009576817043125629425 0.009521268308162689209 0.010093019343912601471 0.010476329363882541656 0.010974529199302196503 0.010660411790013313293 0.0099966507405042648315 0.009777826257050037384 0.0092640342190861701965
0.025238361209630966187 0.026598524302244186401 0.025867447257041931152 0.026151541620492935181 0.025272227823734283447 0.026816595345735549927 0.050328288227319717407 0.052852362394332885742 0.051362585276365280151 0.045203752815723419189 0.039705935865640640259 0.036860141903162002563 0.033823981881141662598 0.0306092873215675354 0.02698958665132522583 0.032751571387052536011 0.029517790302634239197 0.022001286968588829041 0.026058828458189964294 0.022019555792212486267 0.020461866632103919983 0.018310086801648139954 0.016234498471021652222 0.014988772571086883545 0.013576335273683071136 0.012555254623293876648 0.011588550172746181488 0.010913200676441192627 0.011678611859679222107 0.011142347939312458038 0.011204888112843036652 0.010386815294623374939 0.010265569202601909637 0.009753098711371421814 0.0089311208575963973999 0.0088757090270519256592 0.0093735996633768081665 0.0099622448906302452087 0.010379586368799209595 0.010198274627327919006 0.0105122346431016922 0.0098695503547787666321
0.025073172524571418762 0.025870610028505325317 0.025220924988389015198 0.024163050577044487 0.024039970710873603821 0.024836204946041107178 0.025896528735756874084 0.046446815133094787598 0.025967955589294433594 0.041387036442756652832 0.037537209689617156982 0.034076821058988571167 0.031674358993768692017 0.029038680717349052429 0.033106695860624313354 0.029642501845955848694 0.027394989505410194397 0.024948026984930038452 0.023047918453812599182 0.019901959225535392761 0.01756648533046245575 0.016483718529343605042 0.014326100237667560577 0.013330494053661823273 0.012449333444237709045 0.011797484941780567169 0.011350578628480434418 0.010607121512293815613 0.010132579132914543152 0.010496053844690322876 0.010315754450857639313 0.010612580925226211548 0.010303569957613945007 0.010206507518887519836 0.009455028921365737915 0.009539366699755191803 0.0092837959527969360352 0.0088724736124277114868 0.0092585701495409011841 0.0099604455754160881042 0.010215669870376586914 0.010666509158909320831
0.024181656539440155029 0.023252336308360099792 0.040370944887399673462 0.036555819213390350342 0.022182030603289604187 0.022635091096162796021 0.039855062961578369141 0.038831215351819992065 0.038478381931781768799 0.037785191088914871216 0.035808064043521881104 0.034336883574724197388 0.029922168701887130737 0.034907031804323196411 0.030868077650666236877 0.027720222249627113342 0.025194492191076278687 0.022440271452069282532 0.020005574449896812439 0.017917543649673461914 0.016004068776965141296 0.014655875973403453827 0.013407757505774497986 0.012295749969780445099 0.011852700263261795044 0.011051284149289131165 0.010785211808979511261 0.010350834578275680542 0.0087390663102269172668 0.0090643214061856269836 0.010052977129817008972 0.010584329254925251007 0.010428878478705883026 0.0096336156129837036133 0.0095107201486825942993 0.0099746016785502433777 0.0094576990231871604919 0.0089724557474255561829 0.0084097599610686302185 0.0087145389989018440247 0.0094014434143900871277 0.0095040714368224143982
0.022857708856463432312 0.038141466677188873291 0.036629874259233474731 0.034378502517938613892 0.035880431532859802246 0.035648614168167114258 0.034500952810049057007 0.034950464963912963867 0.034793287515640258789 0.033760998398065567017 0.032008141279220581055 0.030003180727362632751 0.028047081083059310913 0.031925581395626068115 0.028774077072739601135 0.025316866114735603333 0.022762043401598930359 0.019976651296019554138 0.018155846744775772095 0.016884319484233856201 0.01525712478905916214 0.014421924017369747162 0.012610593810677528381 0.011308837682008743286 0.010973779484629631042 0.010653504170477390289 0.010257053188979625702 0.0092533649876713752747 0.0086959479376673698425 0.0085100773721933364868 0.0092465626075863838196 0.0099455770105123519897 0.010370180010795593262 0.009832296520471572876 0.0091747846454381942749 0.010079457424581050873 0.010062514804303646088 0.0096072098240256309509 0.0091997785493731498718 0.0085155302658677101135 0.0086164269596338272095 0.0082293059676885604858
0.035603798925876617432 0.035753969103097915649 0.033339794725179672241 0.03346234932541847229 0.032742530107498168945 0.031152697280049324036 0.031115187332034111023 0.029835036024451255798 0.032020855695009231567 0.030041513964533805847 0.028209470212459564209 0.026122981682419776917 0.024435576051473617554 0.021417152136564254761 0.019650684669613838196 0.018288483843207359314 0.021325465291738510132 0.018768439069390296936 0.016998473554849624634 0.015330412425100803375 0.015458776615560054779 0.013854373246431350708 0.011849791742861270905 0.010817812755703926086 0.010206804610788822174 0.0095536597073078155518 0.0092938030138611793518 0.0083925137296319007874 0.0084256725385785102844 0.0080026164650917053223 0.0092176096513867378235 0.0088894776999950408936 0.0098026571795344352722 0.0096502369269728660583 0.0091978544369339942932 0.010018242523074150085 0.0099578239023685455322 0.0093461358919739723206 0.0092013403773307800293 0.0093756085261702537537 0.0086961314082145690918 0.0081382701173424720764
0.030034475028514862061 0.031876131892204284668 0.031571451574563980103 0.031059531494975090027 0.031572982668876647949 0.029287040233612060547 0.027395561337471008301 0.026810090988874435425 0.026345320045948028564 0.026956042274832725525 0.026374820619821548462 0.023835521191358566284 0.021495984867215156555 0.024522589519619941711 0.023113956674933433533 0.02158501744270324707 0.020342931151390075684 0.017730351537466049194 0.015795515850186347961 0.014682676643133163452 0.013352180831134319305 0.012203305959701538086 0.011088957078754901886 0.0099265016615390777588 0.0095275659114122390747 0.0083968974649906158447 0.0084012923762202262878 0.0075898538343608379364 0.0076131187379360198975 0.0078492546454071998596 0.0081334682181477546692 0.0084178913384675979614 0.0089764641597867012024 0.0096559571102261543274 0.0096591878682374954224 0.0095458189025521278381 0.0095196552574634552002 0.0094133112579584121704 0.0096918810158967971802 0.010050451382994651794 0.0088986931368708610535 0.0085286358371376991272
0.027674131095409393311 0.030131559818983078003 0.028499277308583259583 0.028948228806257247925 0.028212828561663627625 0.027005989104509353638 0.025994038209319114685 0.023941213265061378479 0.025512222200632095337 0.024372896179556846619 0.023869091644883155823 0.02149021439254283905 0.025395371019840240479 0.0222093239426612854 0.021118672564625740051 0.020285375416278839111 0.018538713455200195312 0.015455072745680809021 0.014003797434270381927 0.013091611675918102264 0.011867936700582504272 0.010932567529380321503 0.010163749568164348602 0.0091347508132457733154 0.0087419636547565460205 0.0083806263282895088196 0.0072973379865288734436 0.0074969059787690639496 0.0075714513659477233887 0.0075287823565304279327 0.0081791058182716369629 0.008314868435263633728 0.0090601369738578796387 0.0092099374160170555115 0.0097269946709275245667 0.0094641316682100296021 0.0090785287320613861084 0.0096986237913370132446 0.010469842702150344849 0.0094759771600365638733 0.0082930782809853553772 0.0093417754396796226501
0.024978986009955406189 0.025715552270412445068 0.024779167026281356812 0.025697905570268630981 0.02572096697986125946 0.023847725242376327515 0.02281350456178188324 0.021810783073306083679 0.021508671343326568604 0.021888284012675285339 0.020349156111478805542 0.019219050183892250061 0.02263473905622959137 0.015331987291574478149 0.01923837512731552124 0.017320942133665084839 0.016092898324131965637 0.014072640798985958099 0.013115883804857730865 0.012288659811019897461 0.011047660373151302338 0.010189044289290904999 0.009111447259783744812 0.0088024390861392021179 0.0081359017640352249146 0.0077213505282998085022 0.0068615996278822422028 0.0071788802742958068848 0.0074987700209021568298 0.0073567302897572517395 0.007908972911536693573 0.00817860383540391922 0.0084470929577946662903 0.0089672505855560302734 0.0091528333723545074463 0.0091796303167939186096 0.0096232127398252487183 0.010029798373579978943 0.010586703196167945862 0.009436109103262424469 0.0096640232950448989868 0.009247777983546257019
0.023921294137835502625 0.022920720279216766357 0.02190537378191947937 0.02305338345468044281 0.023182978853583335876 0.021994216367602348328 0.020573165267705917358 0.020036784932017326355 0.019001305103302001953 0.01912434212863445282 0.017813462764024734497 0.01593253016471862793 0.014637934975326061249 0.018600614741444587708 0.017159737646579742432 0.01525482814759016037 0.013876916840672492981 0.012892336584627628326 0.012038730084896087646 0.011040336452424526215 0.0099683869630098342896 0.0090334713459014892578 0.0080604646354913711548 0.0075300862081348896027 0.0068778572604060173035 0.0065246280282735824585 0.0063336491584777832031 0.0063422713428735733032 0.0068238517269492149353 0.0067576006986200809479 0.007378165610134601593 0.0078652463853359222412 0.0085976477712392807007 0.0084208762273192405701 0.0089783035218715667725 0.0097098294645547866821 0.0098141627386212348938 0.010064369067549705505 0.010453663766384124756 0.010009274818003177643 0.010498713701963424683 0.0097227850928902626038
0.022034533321857452393 0.020950840786099433899 0.021507536992430686951 0.020606948062777519226 0.020079901441931724548 0.019227985292673110962 0.01903755776584148407 0.016668308526277542114 0.016332738101482391357 0.016000172123312950134 0.015810709446668624878 0.01424204651266336441 0.01315346546471118927 0.016983622685074806213 0.01559214666485786438 0.014114752411842346191 0.012398226186633110046 0.011415522545576095581 0.010213742963969707489 0.0096740797162055969238 0.0089155510067939758301 0.0084602916613221168518 0.0077911857515573501587 0.0071595590561628341675 0.0063085858710110187531 0.0059234267100691795349 0.0057416977360844612122 0.0061025163158774375916 0.0063190385699272155762 0.0064439554698765277863 0.0068920929916203022003 0.0073029566556215286255 0.0083283996209502220154 0.0088183544576168060303 0.0088576814159750938416 0.0097940023988485336304 0.0098314108327031135559 0.010136752389371395111 0.0098487576469779014587 0.0097012026235461235046 0.0093742460012435913086 0.0099751688539981842041
0.019639646634459495544 0.0190895814448595047 0.018848815932869911194 0.018805963918566703796 0.017810920253396034241 0.017254978418350219727 0.016534756869077682495 0.016199635341763496399 0.015702854841947555542 0.014699913561344146729 0.014341771602630615234 0.013250093907117843628 0.012600131332874298096 0.011421386152505874634 0.013855079188942909241 0.01209875103086233139 0.010904180817306041718 0.010150980204343795776 0.0093471528962254524231 0.0088445236906409263611 0.008331170305609703064 0.0077357813715934753418 0.0072903768159449100494 0.0060788001865148544312 0.0057277735322713851929 0.0056634405627846717834 0.005810532253235578537 0.0058585968799889087677 0.0060375793837010860443 0.0064909355714917182922 0.0062469197437167167664 0.0066855791956186294556 0.0073132212273776531219 0.0082857906818389892578 0.0092256087809801101685 0.0093759214505553245544 0.010012980550527572632 0.010390348732471466064 0.010379224084317684174 0.0091159064322710037231 0.0086831860244274139404 0.0093262167647480964661
0.017931759357452392578 0.018374463543295860291 0.018109895288944244385 0.017913393676280975342 0.017227180302143096924 0.015949435532093048096 0.016121847555041313171 0.015294737182557582855 0.014556025154888629913 0.013284852728247642517 0.013089106418192386627 0.012618278153240680695 0.011252453550696372986 0.010377357713878154755 0.012495685368776321411 0.010784420184791088104 0.010299031622707843781 0.0094017367810010910034 0.0083122216165065765381 0.0079250046983361244202 0.0073781269602477550507 0.0068954713642597198486 0.0065022539347410202026 0.0055078505538403987885 0.0051441015675663948059 0.0051182373426854610443 0.0050136870704591274261 0.0054579097777605056763 0.0055044274777173995972 0.0060053472407162189484 0.0061453511007130146027 0.0065380190499126911163 0.0071443417109549045563 0.0079075461253523826599 0.0086033828556537628174 0.009232674725353717804 0.00998373422771692276 0.010680793784558773041 0.0096599683165550231934 0.0095698526129126548767 0.0090656150132417678833 0.007974992506206035614
0.017442634329199790955 0.016724830493330955505 0.016050938516855239868 0.016436697915196418762 0.015934770926833152771 0.015648992732167243958 0.015016293153166770935 0.01415678020566701889 0.013333027251064777374 0.012285883538424968719 0.012193613685667514801 0.011698240414261817932 0.010440107434988021851 0.0094305705279111862183 0.0083621153607964515686 0.010666193440556526184 0.009741434827446937561 0.0087728165090084075928 0.0079699801281094551086 0.0071366522461175918579 0.006534251384437084198 0.0063151712529361248016 0.0061189970001578330994 0.0050604026764631271362 0.0046166153624653816223 0.0046208105050027370453 0.0046103359200060367584 0.0049133356660604476929 0.0043588588014245033264 0.0054082861170172691345 0.0054896990768611431122 0.0060940892435610294342 0.0068157254718244075775 0.0073139923624694347382 0.0083236843347549438477 0.0092919357120990753174 0.010367006994783878326 0.0098048336803913116455 0.0094046657904982566833 0.0095543134957551956177 0.0096555743366479873657 0.0089168054983019828796
0.017438253387808799744 0.016602436080574989319 0.015294595621526241302 0.014573830179870128632 0.014368727803230285645 0.013963490724563598633 0.013725497759878635406 0.012873527593910694122 0.011724883690476417542 0.010975057259202003479 0.010384770110249519348 0.0099116954952478408813 0.01302754133939743042 0.011973947286605834961 0.0078602768480777740479 0.0098156239837408065796 0.0091696865856647491455 0.0081449421122670173645 0.0075803208164870738983 0.0065448065288364887238 0.0060830074362456798553 0.0049975495785474777222 0.00467749033123254776 0.0046056667342782020569 0.0042573688551783561707 0.0041317539289593696594 0.0042296079918742179871 0.0045795072801411151886 0.0046072020195424556732 0.0047919671051204204559 0.0049795000813901424408 0.0059000914916396141052 0.0066340160556137561798 0.0075532933697104454041 0.0082337195053696632385 0.0093650184571743011475 0.0097732506692409515381 0.010255138389766216278 0.010189807042479515076 0.0096908994019031524658 0.0090846326202154159546 0.0080384314060211181641
0.015427720732986927032 0.015145228244364261627 0.015057124197483062744 0.014272585511207580566 0.013798533938825130463 0.01242053695023059845 0.012215486727654933929 0.011368952691555023193 0.010744249448180198669 0.010287158191204071045 0.0098902471363544464111 0.009012741968035697937 0.0087251747027039527893 0.0079399105161428451538 0.010030461475253105164 0.0087826652452349662781 0.008228735998272895813 0.0075159887783229351044 0.006652855314314365387 0.0051756929606199264526 0.0048139337450265884399 0.0045446413569152355194 0.004320535808801651001 0.0034761519636958837509 0.0033330305013805627823 0.003280730685219168663 0.0032514124177396297455 0.0039411652833223342896 0.0042808842845261096954 0.0044602542184293270111 0.0046874647960066795349 0.0054482533596456050873 0.0066128671169281005859 0.0077809523791074752808 0.0079784253612160682678 0.0091564310714602470398 0.0092599224299192428589 0.0091681843623518943787 0.010074758902192115784 0.0096110785380005836487 0.009594829753041267395 0.0080875717103481292725
