spatial-objects/o4_sobralia_turkeliae_suitability_logistic.asc
ncols        332
nrows        480
xllcorner    -84.291666666667
yllcorner    -15.666666666667
cellsize     0.041666666667
NODATA_value -9999
[rows 0 to 18 of 480, columns 252 to 293 of 332]
0.0020074783824384212494 0.0035641982685774564743 0.17358344793319702148 0.031166614964604377747 0.092811375856399536133 0.039952799677848815918 0.011575842276215553284 0.0038988923188298940659 0.0030697807669639587402 0.0033723812084645032883 0.0026674394030123949051 0.0027574624400585889816 0.0021676844917237758636 0.0022326824255287647247 0.0015393350040540099144 0.0010007353266701102257 0.0013401389587670564651 0.0018602290656417608261 0.002081799553707242012 0.0018995628925040364265 0.0012228359701111912727 0.0012730626622214913368 0.0012620202032849192619 0.0012491242960095405579 0.0019159532384946942329 0.0025319533888250589371 0.0029595468658953905106 0.0029187882319092750549 0.0025297913234680891037 0.0026145423762500286102 0.001805566251277923584 0.0018808769527822732925 0.0020578322000801563263 0.0022211412433534860611 0.0014548737090080976486 0.0011555200908333063126 0.0028146584518253803253 0.0010012052953243255615 0.0010570181766524910927 0.00082315591862425208092 0.00072636705590412020683 0.0018396860687062144279
0.017468789592385292053 0.0063582351431250572205 0.099507361650466918945 0.0155487842857837677 0.071231536567211151123 0.0099401362240314483643 0.0035015842877328395844 0.0047027864493429660797 0.0036932129878550767899 0.0029211493674665689468 0.0022318013943731784821 0.0019938626792281866074 0.001494638039730489254 0.0017632272792980074883 0.0013765061739832162857 0.0011073923669755458832 0.0010632241610437631607 0.0010224732104688882828 0.0017151311039924621582 0.001573919784277677536 0.0012791145127266645432 0.001413257909007370472 0.0021362882107496261597 0.0020813760347664356232 0.0027540579903870820999 0.0021844471339136362076 0.0018370663747191429138 0.0017972709611058235168 0.0011966617312282323837 0.0011782377259805798531 0.0010737373959273099899 0.00073603686178103089333 0.00096545048290863633156 0.0008555196109227836132 0.00061985757201910018921 0.00073590909596532583237 0.0013187882723286747932 0.0010648722527548670769 0.0010045847157016396523 0.00080905499635264277458 0.0010830251267179846764 0.0015868614427745342255
0.16327309608459472656 0.067846827208995819092 0.076678097248077392578 0.027517206966876983643 0.010407344438135623932 0.0052417283877730369568 0.0028266108129173517227 0.0032686567865312099457 0.0033466676250100135803 0.0028869844973087310791 0.0020306233782321214676 0.0020430884324014186859 0.0023401996586471796036 0.001312630833126604557 0.0011292753042653203011 0.0011176655534654855728 0.0010265569435432553291 0.0010884276125580072403 0.00089845893671736121178 0.00092856941046193242073 0.0019516727188602089882 0.0024299221113324165344 0.0017113022040575742722 0.001881949487142264843 0.0017828372074291110039 0.001253633527085185051 0.00073112820973619818687 0.0009040914592333137989 0.0013568920549005270004 0.001293177017942070961 0.00084640708519145846367 0.00069331232225522398949 0.00070527923526242375374 0.0013728977646678686142 0.00087885413086041808128 0.00068071222631260752678 0.00066626130137592554092 0.0007835745345801115036 0.0011848538415506482124 0.00077369099017232656479 0.0013344303006306290627 0.0013837502337992191315
0.063872121274471282959 0.11205933988094329834 0.054149933159351348877 0.012584944255650043488 0.0055878777056932449341 0.004448740743100643158 0.0037513175047934055328 0.0028046246152371168137 0.0028545400127768516541 0.0029174243099987506866 0.002079086843878030777 0.0017388305859640240669 0.0017809538403525948524 0.0015930375084280967712 0.0015404691221192479134 0.001413761521689593792 0.0010966692352667450905 0.0011711596744135022163 0.0017802373040467500687 0.0018130735261365771294 0.002707724226638674736 0.0024805115535855293274 0.0015047152992337942123 0.0011969527695327997208 0.0011325993109494447708 0.0008545416640117764473 0.00097540812566876411438 0.001177019905298948288 0.0010759554570540785789 0.00084520370000973343849 0.00063723680796101689339 0.00086388085037469863892 0.00108056655153632164 0.00098156312014907598495 0.00076018448453396558762 0.00065577856730669736862 0.00078297895379364490509 0.00081116735236719250679 0.0011838726932182908058 0.0008773830486461520195 0.0011336512397974729538 0.0013064700178802013397
0.10360462218523025513 0.027192806825041770935 0.03637913241982460022 0.011061253957450389862 0.013775555416941642761 0.0043734544888138771057 0.0039154323749244213104 0.0029024600517004728317 0.0033363965339958667755 0.0022068519610911607742 0.0021823903080075979233 0.0019947797991335391998 0.0018731044838204979897 0.0019370439695194363594 0.0017868577269837260246 0.0015911730006337165833 0.0014430205337703227997 0.0011573900701478123665 0.0018277799244970083237 0.0025170606095343828201 0.0031987195834517478943 0.002231805119663476944 0.0015225671231746673584 0.0011213090037927031517 0.0010474061127752065659 0.0010067580733448266983 0.00097299745539203286171 0.0010314565151929855347 0.0011000226950272917747 0.00082048872718587517738 0.00075965170981362462044 0.00067206856328994035721 0.00079126097261905670166 0.00081688229693099856377 0.00082105520414188504219 0.0010004473151639103889 0.00099939620122313499451 0.001068302779458463192 0.0012186198728159070015 0.00090337044093757867813 0.0011147513287141919136 0.001169233233667910099
0.024974321946501731873 0.025164326652884483337 0.013378086499869823456 0.0083571840077638626099 0.0044110268354415893555 0.003402661764994263649 0.0036644563078880310059 0.0030422753188759088516 0.0023007274139672517776 0.002538995351642370224 0.0022650337778031826019 0.0021359757520258426666 0.0017565678572282195091 0.0017869090661406517029 0.0015992865664884448051 0.0017720308387652039528 0.0014085709117352962494 0.0012789964675903320312 0.0015700481599196791649 0.0013109170831739902496 0.0024392334744334220886 0.0021236601751297712326 0.0015628805849701166153 0.0013749070931226015091 0.001207051682285964489 0.00097850430756807327271 0.0011679461458697915077 0.001189699862152338028 0.001237074495293200016 0.00096956512425094842911 0.00097007665317505598068 0.00075726007344201207161 0.00091780105140060186386 0.00079057313269004225731 0.00075349659891799092293 0.00082373095210641622543 0.0011330705601722002029 0.00092823430895805358887 0.0010116986231878399849 0.0010217840317636728287 0.0010974311735481023788 0.0012051146477460861206
0.03009352460503578186 0.010674928314983844757 0.0064092637039721012115 0.0047271782532334327698 0.0043795281089842319489 0.0038985423743724822998 0.003505626460537314415 0.0026708405930548906326 0.0026166089810431003571 0.0019410059321671724319 0.0020569239277392625809 0.0021126028150320053101 0.0022430801764130592346 0.0019780318252742290497 0.0017075773794203996658 0.0018376734806224703789 0.0018857278628274798393 0.0014758721226826310158 0.0015106651699170470238 0.0014144709566608071327 0.0025585745461285114288 0.0029136522207409143448 0.0014954350190237164497 0.0014153945958241820335 0.0009151030099019408226 0.00092526368098333477974 0.0011183382011950016022 0.0012423549778759479523 0.0011350736021995544434 0.0010882985079661011696 0.0011068752501159906387 0.00077387719647958874702 0.0010217605158686637878 0.0011526120360940694809 0.00078306632349267601967 0.00088878243695944547653 0.0010915679158642888069 0.00078375317389145493507 0.00086912408005446195602 0.0010189095046371221542 0.0010893486905843019485 0.0014127910835668444633
0.009960955008864402771 0.0067586745135486125946 0.0057118800468742847443 0.0055835242383182048798 0.0061300396919250488281 0.0055528017692267894745 0.0045512765645980834961 0.0042321346700191497803 0.0026375467423349618912 0.0032840122003108263016 0.0030559680890291929245 0.0023556014057248830795 0.0020445487461984157562 0.0021132116671651601791 0.0015513293910771608353 0.0020734714344143867493 0.0015044835163280367851 0.0013279599370434880257 0.0010481948265805840492 0.0022692545317113399506 0.001848406624048948288 0.00099344702903181314468 0.0013572598109021782875 0.0010063822846859693527 0.00095309253083541989326 0.0012516864808276295662 0.00069216149859130382538 0.0012128560338169336319 0.0011042596306651830673 0.0012565744109451770782 0.0010462850332260131836 0.00096487859264016151428 0.00097893830388784408569 0.0007822854677215218544 0.00073674833402037620544 0.0011789242271333932877 0.00087462243391200900078 0.000670595560222864151 0.0010135119082406163216 0.0010077484184876084328 0.0011075082002207636833 0.0011867724824696779251
0.010599085129797458649 0.0053905444219708442688 0.0049422108568251132965 0.0085074668750166893005 0.0064288200810551643372 0.004481801297515630722 0.0040575382299721240997 0.0048028654418885707855 0.0035999971441924571991 0.0036025992594659328461 0.0040992135182023048401 0.0026704699266701936722 0.0021972332615405321121 0.0019481370691210031509 0.0015744700795039534569 0.0015027676708996295929 0.0011225250782445073128 0.0013503684895113110542 0.0013035470619797706604 0.0030746662523597478867 0.0014730653492733836174 0.001168077811598777771 0.0010444608051329851151 0.00094967643963173031807 0.0012729975860565900803 0.0013293317751958966255 0.0010572986211627721786 0.0010725654428824782372 0.0010229873005300760269 0.00097721209749579429626 0.00088854588102549314499 0.0010882378555834293365 0.0009870054200291633606 0.00073602912016212940216 0.00086752651259303092957 0.0007302521844394505024 0.00062086997786536812782 0.00077886175131425261497 0.00096435262821614742279 0.0010443583596497774124 0.0013146451674401760101 0.0014349054545164108276
0.0055588767863810062408 0.0055482941679656505585 0.0044459290802478790283 0.0052777659147977828979 0.0043722921982407569885 0.0033724254462867975235 0.0031977731268852949142 0.0035318527370691299438 0.0034863506443798542023 0.0044101611711084842682 0.0057251430116593837738 0.0039249113760888576508 0.0029489116277545690536 0.0033203479833900928497 0.0019566470291465520859 0.0014268056256696581841 0.0014506202423945069313 0.0030764285475015640259 0.0032247595954686403275 0.001617524540051817894 0.001320206676609814167 0.00089399336138740181923 0.0013130377046763896942 0.0011875939089804887772 0.0012168381363153457642 0.0012650594580918550491 0.0009230544092133641243 0.00099949585273861885071 0.0012170752743259072304 0.0011998154222965240479 0.0010301758302375674248 0.00082116120029240846634 0.00094883760903030633926 0.00070400669937953352928 0.00074266490992158651352 0.00071140303043648600578 0.00080760678974911570549 0.0005557067343033850193 0.00087780121248215436935 0.0010046614333987236023 0.0010063566733151674271 0.00094916269881650805473
0.0039393780753016471863 0.0044316211715340614319 0.0044879033230245113373 0.0048722513020038604736 0.0049272091127932071686 0.003952222876250743866 0.0040055247955024242401 0.0038885851390659809113 0.003320786869153380394 0.0033855030778795480728 0.0043282108381390571594 0.004769964609295129776 0.0037005231715738773346 0.0029077117796987295151 0.0016650125617161393166 0.0014814963797107338905 0.0018816998926922678947 0.0011329569388180971146 0.0028001796454191207886 0.0010324959876015782356 0.00098400120623409748077 0.001134390244260430336 0.0011950893094763159752 0.001341094612143933773 0.0012831821804866194725 0.0013088302221149206161 0.0012199556222185492516 0.0013025861699134111404 0.0012327479198575019836 0.0010902603389695286751 0.001119461841881275177 0.00082675553858280181885 0.00072932173497974872589 0.00085502315778285264969 0.00084876216715201735497 0.00086097815074026584625 0.000876306148711591959 0.0010535621549934148788 0.00099694181699305772781 0.00090500351507216691971 0.0011343682417646050453 0.001156962360255420208
0.0059227421879768371582 0.0067723472602665424347 0.0056821634061634540558 0.0045936200767755508423 0.0055300407111644744873 0.0041076052002608776093 0.0027002070564776659012 0.0044939564540982246399 0.003656878368929028511 0.0034806439653038978577 0.0028641414828598499298 0.0025305633898824453354 0.0024730016011744737625 0.002235807245597243309 0.0019995190668851137161 0.0020872885361313819885 0.0021765590645372867584 0.0012905790936201810837 0.0016339237336069345474 0.0010582576505839824677 0.00097354751778766512871 0.0014099647523835301399 0.00090262293815612792969 0.0013020818587392568588 0.00084319891175255179405 0.0014517121016979217529 0.0013354633701965212822 0.0011663304176181554794 0.0012277760542929172516 0.0010123176034539937973 0.0011443084804341197014 0.0011613883543759584427 0.0010459176264703273773 0.00095284054987132549286 0.0009797090897336602211 0.00093693064991384744644 0.0010566430864855647087 0.0010643192799761891365 0.0011330086272209882736 0.0010559991933405399323 0.0013589535374194383621 0.00094576849369332194328
0.0047745667397975921631 0.0052636689506471157074 0.0056204479187726974487 0.0050149229355156421661 0.0044849738478660583496 0.0032095704227685928345 0.0035674686077982187271 0.0035004522651433944702 0.003412371734157204628 0.0039058718830347061157 0.0029644663445651531219 0.0021630355622619390488 0.002009504241868853569 0.0015616432065144181252 0.0019442138727754354477 0.0019073758739978075027 0.0017627400811761617661 0.0019899446051567792892 0.0028933298308402299881 0.0017595986137166619301 0.0013965283287689089775 0.001373037346638739109 0.0014342705253511667252 0.00092131824931129813194 0.00088374421466141939163 0.0014960839180275797844 0.0017786411335691809654 0.0016897257883101701736 0.0022120838984847068787 0.0019972340669482946396 0.0012580074835568666458 0.001008546329103410244 0.0012166049564257264137 0.0011067845625802874565 0.0010774243855848908424 0.00092001131270080804825 0.0012071701930835843086 0.0010086310794577002525 0.0010485562961548566818 0.0012104130582883954048 0.00085102417506277561188 0.00063918530941009521484
0.0075420839712023735046 0.0067936466075479984283 0.0056290384382009506226 0.0038629001937806606293 0.0042682155035436153412 0.0038295178674161434174 0.0029871785081923007965 0.0030079914722591638565 0.0028376062400639057159 0.0029475635383278131485 0.0025195237249135971069 0.0024235518649220466614 0.0022108268458396196365 0.0033408370800316333771 0.0025174308102577924728 0.0015425834571942687035 0.0017883048858493566513 0.0014358878834173083305 0.001259978744201362133 0.0017484227428212761879 0.0015205856179818511009 0.0014847939601168036461 0.00153675861656665802 0.0015448207268491387367 0.001495489967055618763 0.0014415032928809523582 0.001563609694130718708 0.0016179525991901755333 0.001985307084396481514 0.0029360544867813587189 0.0018061470473185181618 0.0013153352774679660797 0.0011223744368180632591 0.00098705862183123826981 0.00088266906095668673515 0.0012760789832100272179 0.0014548969920724630356 0.0011939414544031023979 0.001149908057413995266 0.0013970088912174105644 0.0010332964593544602394 0.00063303718343377113342
0.0064263367094099521637 0.0063158059492707252502 0.0052253501489758491516 0.0046279053203761577606 0.0033046996686607599258 0.0032694716937839984894 0.0033078016713261604309 0.0029191782232373952866 0.00282954447902739048 0.0028607000131160020828 0.0025996409822255373001 0.0026803414802998304367 0.0030783307738602161407 0.0019728974439203739166 0.0017788863042369484901 0.0017085876315832138062 0.0018196388846263289452 0.0013696331297978758812 0.001438169507309794426 0.0012034692335873842239 0.0010317366104573011398 0.0010623219422996044159 0.0016192132607102394104 0.0015216693282127380371 0.0014931473415344953537 0.0014446332352235913277 0.0013081259094178676605 0.0014661925379186868668 0.0013945004902780056 0.0013079550117254257202 0.0017767876852303743362 0.001114732702262699604 0.0014323393115773797035 0.0013045953819528222084 0.0010960362851619720459 0.0015003442531451582909 0.0011012015165761113167 0.001056438894011080265 0.0013126671547070145607 0.0012164475629106163979 0.001056592562235891819 0.00088555569527670741081
0.0059842523187398910522 0.0048428871668875217438 0.003977138083428144455 0.0041051059961318969727 0.0037297476083040237427 0.0036267782561480998993 0.0035761399194598197937 0.0025501328054815530777 0.0029269095975905656815 0.0026593420188874006271 0.0029686633497476577759 0.0023765675723552703857 0.0021622735075652599335 0.0019269977929070591927 0.0018107797950506210327 0.002640413353219628334 0.0014513804344460368156 0.0013952531153336167336 0.0012297548819333314896 0.0010302655864506959915 0.0010415364522486925125 0.0015459210844710469246 0.0015050341608002781868 0.0014070769539102911949 0.0013382688630372285843 0.0012595613952726125717 0.0012584227370098233223 0.001414600876159965992 0.0013245008885860443115 0.0013437673915177583694 0.0012550110695883631706 0.0011487068841233849525 0.001085940282791852951 0.0010598612716421484947 0.00095548114040866494179 0.0010537563357502222061 0.0011264800559729337692 0.00086458533769473433495 0.00084715057164430618286 0.0013985737459734082222 0.0014326304662972688675 0.00074964982923120260239
0.0083076460286974906921 0.004505180753767490387 0.0059534716419875621796 0.0043093664571642875671 0.0035405920352786779404 0.0039534755051136016846 0.0040558320470154285431 0.0025825055781751871109 0.0027362992987036705017 0.0027584745548665523529 0.0037563280202448368073 0.0026467442512512207031 0.0023030801676213741302 0.0022270856425166130066 0.0030968664214015007019 0.001896190224215388298 0.00169493106659501791 0.0014871100429445505142 0.0013147298013791441917 0.0013215154176577925682 0.0011568538611754775047 0.00098903058096766471863 0.00080760254058986902237 0.001393377198837697506 0.0017304073553532361984 0.0012241585645824670792 0.001268243999220430851 0.0013027359964326024055 0.0014351595891639590263 0.0016066379612311720848 0.0014367355033755302429 0.001508332439698278904 0.0013708133483305573463 0.00093101081438362598419 0.00088015693472698330879 0.0011447124416008591652 0.0012417848920449614525 0.0015034521929919719696 0.0015304429689422249794 0.0017708569066599011421 0.0010469374246895313263 0.00091067893663421273232
0.0077740503475069999695 0.0059119905345141887665 0.0034960033372044563293 0.0040570599958300590515 0.0036004344001412391663 0.0039366106502711772919 0.0031812377274036407471 0.0029640772845596075058 0.0025220410898327827454 0.0028946523088961839676 0.0031035600695759057999 0.0030501186847686767578 0.0029027946293354034424 0.0019590412266552448273 0.0019067159155383706093 0.0014484352432191371918 0.0014310346450656652451 0.0012581909541040658951 0.0013281820574775338173 0.0011490540346130728722 0.0018996733706444501877 0.0016806343337520956993 0.0012876969994977116585 0.0012970570242032408714 0.0015821944689378142357 0.0014746597735211253166 0.0012579323956742882729 0.001967915799468755722 0.0017178362468257546425 0.0018540060846135020256 0.0014609716599807143211 0.0015865915920585393906 0.0009780481923371553421 0.00089405331527814269066 0.0010982959065586328506 0.0012848756741732358932 0.0008541250135749578476 0.0010468061082065105438 0.0014371062861755490303 0.0012494189431890845299 0.0012052587699145078659 0.0009737430955283343792
0.0069982064887881278992 0.0066943415440618991852 0.004012334626168012619 0.0036165511701256036758 0.0034751556813716888428 0.0049433996900916099548 0.0036509593483060598373 0.0033198669552803039551 0.0033607291989028453827 0.0026874567847698926926 0.0025601850356906652451 0.0022512385621666908264 0.0017078203381970524788 0.0017103244317695498466 0.0017131225904449820518 0.0013730477076023817062 0.001259821699932217598 0.0012121631298214197159 0.001216481206938624382 0.0012410439085215330124 0.0012768976157531142235 0.0022279990371316671371 0.0010822290787473320961 0.0018619805341586470604 0.0015891550574451684952 0.00072090618778020143509 0.0010450250701978802681 0.0011956834932789206505 0.0014212906826287508011 0.0012621809728443622589 0.0013324326137080788612 0.0011721742339432239532 0.0010459425393491983414 0.0012651378056034445763 0.0013016348239034414291 0.00087684736354276537895 0.00070415734080597758293 0.0012368845054879784584 0.00098563241772353649139 0.0011705872602760791779 0.0014604071620851755142 0.00099111604504287242889
