spatial-objects/o4_sobralia_turkeliae_suitability_logistic.asc
ncols        332
nrows        480
xllcorner    -84.291666666667
yllcorner    -15.666666666667
cellsize     0.041666666667
NODATA_value -9999
[rows 19 to 37 of 480, columns 210 to 251 of 332]
0.058764036744832992554 0.17712746560573577881 0.032729659229516983032 0.059366837143898010254 0.074240110814571380615 0.31244096159934997559 0.27865764498710632324 0.19301486015319824219 0.037435460835695266724 0.010252619162201881409 0.0094128772616386413574 0.011662665754556655884 0.046323411166667938232 0.13655944168567657471 0.17565365135669708252 0.14327201247215270996 0.47972419857978820801 0.70975714921951293945 0.4046230614185333252 0.56396079063415527344 0.67194753885269165039 0.58299010992050170898 0.085681922733783721924 0.042896460741758346558 0.071374155580997467041 0.03695390745997428894 0.082951880991458892822 0.38611653447151184082 0.41211441159248352051 0.28105553984642028809 0.28970304131507873535 0.018178062513470649719 0.10310237854719161987 0.18284276127815246582 0.29185876250267028809 0.086484387516975402832 0.030798062682151794434 0.013241357170045375824 0.013763764873147010803 0.010490420274436473846 0.011993021704256534576 0.011967202648520469666
0.034968189895153045654 0.064768649637699127197 0.048378270119428634644 0.066228322684764862061 0.10364302992820739746 0.2091398388147354126 0.34406295418739318848 0.24941883981227874756 0.017340743914246559143 0.013313774019479751587 0.010655486024916172028 0.030548030510544776917 0.11086437106132507324 0.23836168646812438965 0.17999611794948577881 0.18180538713932037354 0.67365914583206176758 0.68301302194595336914 0.36401209235191345215 0.64896088838577270508 0.6439635157585144043 0.21592374145984649658 0.1923535466194152832 0.33351209759712219238 0.48063188791275024414 0.27730488777160644531 0.29406824707984924316 0.4120750129222869873 0.22430352866649627686 0.35094591975212097168 0.28824776411056518555 0.19443885982036590576 0.21572914719581604004 0.13599033653736114502 0.31009775400161743164 0.069792270660400390625 0.033423602581024169922 0.017009627074003219604 0.013707463629543781281 0.011139563284814357758 0.010536404326558113098 0.0080057466402649879456
0.095268823206424713135 0.21519833803176879883 0.13309761881828308105 0.088387727737426757812 0.07433052361011505127 0.080855391919612884521 0.14829502999782562256 0.10341986268758773804 0.02018000185489654541 0.018506983295083045959 0.012591524980962276459 0.046923961490392684937 0.19659094512462615967 0.24133731424808502197 0.16492681205272674561 0.65104466676712036133 0.71500879526138305664 0.34205299615859985352 0.31222882866859436035 0.55066633224487304688 0.79631084203720092773 0.63719952106475830078 0.38875496387481689453 0.2643356025218963623 0.4012705385684967041 0.46342879533767700195 0.46007886528968811035 0.40652343630790710449 0.28544503450393676758 0.3775081932544708252 0.35354623198509216309 0.19601550698280334473 0.14968433976173400879 0.28555393218994140625 0.15440467000007629395 0.024612529203295707703 0.037417437881231307983 0.023521572351455688477 0.015039494261145591736 0.010285877622663974762 0.009182842448353767395 0.0066655362024903297424
0.27786657214164733887 0.28913739323616027832 0.20083318650722503662 0.1371059417724609375 0.063215397298336029053 0.056545343250036239624 0.053317856043577194214 0.020503696054220199585 0.013645920902490615845 0.013580767437815666199 0.012951658107340335846 0.084770560264587402344 0.20994468033313751221 0.14563424885272979736 0.3813679814338684082 0.7141888737678527832 0.51736211776733398438 0.039268072694540023804 0.34315669536590576172 0.73498874902725219727 0.66578960418701171875 0.67938691377639770508 0.42587327957153320312 0.46931108832359313965 0.46393057703971862793 0.34523424506187438965 0.2982673943042755127 0.33919158577919006348 0.27700012922286987305 0.26637864112854003906 0.19871188700199127197 0.20300373435020446777 0.33146229386329650879 0.1989676356315612793 0.060635447502136230469 0.027547748759388923645 0.023393871262669563293 0.017139686271548271179 0.0091915819793939590454 0.0051558879204094409943 0.0062149916775524616241 0.005189668852835893631
0.39597505331039428711 0.19822645187377929688 0.14186719059944152832 0.075212210416793823242 0.073313258588314056396 0.062369827181100845337 0.038333136588335037231 0.01878915540874004364 0.0095944674685597419739 0.010464072227478027344 0.017105750739574432373 0.077078096568584442139 0.070019066333770751953 0.13506786525249481201 0.16956098377704620361 0.56286138296127319336 0.079678848385810852051 0.23835144937038421631 0.35055983066558837891 0.80233293771743774414 0.55421084165573120117 0.42379537224769592285 0.47715857625007629395 0.46577221155166625977 0.45552226901054382324 0.50459754467010498047 0.30237999558448791504 0.45891532301902770996 0.37837952375411987305 0.37646579742431640625 0.39801418781280517578 0.2229184955358505249 0.10937218368053436279 0.083378903567790985107 0.053364899009466171265 0.031274728477001190186 0.027527092024683952332 0.024424517527222633362 0.012056973762810230255 0.0058265752159059047699 0.0054343244992196559906 0.0048749824054539203644
0.36338374018669128418 0.32260739803314208984 0.19258013367652893066 0.17761148512363433838 0.051792323589324951172 0.026389086619019508362 0.022458350285887718201 0.01235721539705991745 0.0082792118191719055176 0.0087616639211773872375 0.014662277884781360626 0.04130978509783744812 0.036835368722677230835 0.091531172394752502441 0.11804570257663726807 0.1124573051929473877 0.43508833646774291992 0.7654056549072265625 0.65889137983322143555 0.74337416887283325195 0.67480415105819702148 0.50559008121490478516 0.34817862510681152344 0.30788385868072509766 0.41667437553405761719 0.50970983505249023438 0.2269071042537689209 0.31752756237983703613 0.35510963201522827148 0.26207345724105834961 0.12734401226043701172 0.11878883838653564453 0.075641259551048278809 0.061079841107130050659 0.055961243808269500732 0.044267583638429641724 0.034664735198020935059 0.060318052768707275391 0.027976533398032188416 0.0093776592984795570374 0.0053204083815217018127 0.0040905452333390712738
0.29411047697067260742 0.19645969569683074951 0.22400850057601928711 0.097777746617794036865 0.061457548290491104126 0.02277467772364616394 0.012883209623396396637 0.011751220561563968658 0.017227945849299430847 0.023925244808197021484 0.056662742048501968384 0.029396219179034233093 0.044738233089447021484 0.051916174590587615967 0.078220553696155548096 0.14727525413036346436 0.71495270729064941406 0.69736850261688232422 0.78427016735076904297 0.74119496345520019531 0.61465305089950561523 0.46293488144874572754 0.47967687249183654785 0.49380728602409362793 0.46025708317756652832 0.37286648154258728027 0.35505628585815429688 0.24465416371822357178 0.25516113638877868652 0.12222030758857727051 0.063365422189235687256 0.098877258598804473877 0.058771625161170959473 0.062025200575590133667 0.04952506721019744873 0.051603250205516815186 0.048556715250015258789 0.050255142152309417725 0.033319476991891860962 0.015599447302520275116 0.0063319327309727668762 0.0041024126112461090088
0.30679845809936523438 0.2484788745641708374 0.15251998603343963623 0.16106471419334411621 0.091961480677127838135 0.020370531827211380005 0.015259345062077045441 0.012380396947264671326 0.015429544262588024139 0.044067699462175369263 0.060936603695154190063 0.046791072934865951538 0.082959584891796112061 0.20533969998359680176 0.21064512431621551514 0.44301530718803405762 0.60004645586013793945 0.73750406503677368164 0.64442670345306396484 0.64776861667633056641 0.5346775054931640625 0.4356740415096282959 0.49501648545265197754 0.42646881937980651855 0.33083307743072509766 0.2701098024845123291 0.23191797733306884766 0.1279903799295425415 0.10608617216348648071 0.076733410358428955078 0.054407726973295211792 0.052739880979061126709 0.079138241708278656006 0.11987707763910293579 0.10334769636392593384 0.062690451741218566895 0.033785071223974227905 0.052311033010482788086 0.037093464285135269165 0.025214878842234611511 0.0060832672752439975739 0.0036568297073245048523
0.46606034040451049805 0.3868948817253112793 0.18305929005146026611 0.30240902304649353027 0.045611947774887084961 0.011677921749651432037 0.015959870070219039917 0.014240738004446029663 0.022505028173327445984 0.014454397372901439667 0.0123101845383644104 0.038045439869165420532 0.092997148633003234863 0.18393442034721374512 0.77421808242797851562 0.70229756832122802734 0.71003955602645874023 0.79812341928482055664 0.57483893632888793945 0.43530371785163879395 0.47274911403656005859 0.49495020508766174316 0.52065372467041015625 0.35344719886779785156 0.3250993192195892334 0.31675726175308227539 0.13941600918769836426 0.10506900399923324585 0.077302038669586181641 0.061531901359558105469 0.038333605974912643433 0.044142074882984161377 0.089497715234756469727 0.14059405028820037842 0.19238415360450744629 0.12676882743835449219 0.050339203327894210815 0.034579962491989135742 0.0577602386474609375 0.021937776356935501099 0.010042040608823299408 0.0034810067154467105865
0.39004775881767272949 0.22647863626480102539 0.19906912744045257568 0.19444651901721954346 0.025887148454785346985 0.015783630311489105225 0.013755697757005691528 0.018697261810302734375 0.020512392744421958923 0.02709415927529335022 0.02723787352442741394 0.065401248633861541748 0.19029264152050018311 0.70799988508224487305 0.74851137399673461914 0.82585024833679199219 0.76065939664840698242 0.69592618942260742188 0.61545300483703613281 0.38753375411033630371 0.2929554283618927002 0.54053354263305664062 0.39342981576919555664 0.31227824091911315918 0.39934211969375610352 0.14459872245788574219 0.11392536014318466187 0.084256745874881744385 0.056398693472146987915 0.038401480764150619507 0.031000800430774688721 0.029246848076581954956 0.044537395238876342773 0.091672502458095550537 0.14210438728332519531 0.0738698616623878479 0.069782055914402008057 0.069528587162494659424 0.10030683130025863647 0.028962301090359687805 0.009408452548086643219 0.0052434382960200309753
0.48195037245750427246 0.32668411731719970703 0.19902235269546508789 0.083278320729732513428 0.021798316389322280884 0.013608625158667564392 0.023357579484581947327 0.019586779177188873291 0.025813698768615722656 0.047417987138032913208 0.042505461722612380981 0.12091407924890518188 0.2549470365047454834 0.73277693986892700195 0.75891000032424926758 0.70147794485092163086 0.70419853925704956055 0.63965600728988647461 0.27320936322212219238 0.3694247901439666748 0.60089111328125 0.45391958951950073242 0.34760421514511108398 0.25133484601974487305 0.10145161300897598267 0.051841232925653457642 0.090010680258274078369 0.056468941271305084229 0.04064448922872543335 0.038758806884288787842 0.03035706840455532074 0.02643567696213722229 0.027310920879244804382 0.058531537652015686035 0.052630186080932617188 0.049188762903213500977 0.049171321094036102295 0.10502921044826507568 0.21450939774513244629 0.068744167685508728027 0.01298825535923242569 0.0081924339756369590759
0.15025897324085235596 0.38149353861808776855 0.13323104381561279297 0.066142313182353973389 0.0277003459632396698 0.024792576208710670471 0.021002208814024925232 0.023001896217465400696 0.030378432944416999817 0.039959296584129333496 0.096392609179019927979 0.21660865843296051025 0.30060189962387084961 0.73954832553863525391 0.74234974384307861328 0.758495330810546875 0.6556103825569152832 0.52220475673675537109 0.38208687305450439453 0.39101418852806091309 0.36363735795021057129 0.36937081813812255859 0.34506919980049133301 0.44808688759803771973 0.2475617825984954834 0.092210523784160614014 0.071043051779270172119 0.063509888947010040283 0.048908229917287826538 0.036489911377429962158 0.032931145280599594116 0.02677300572395324707 0.019945291802287101746 0.033783435821533203125 0.044185336679220199585 0.029012383893132209778 0.040249403566122055054 0.13901928067207336426 0.15981872379779815674 0.044511325657367706299 0.019686501473188400269 0.010104915127158164978
0.22422246634960174561 0.4145603179931640625 0.10987127572298049927 0.052072379738092422485 0.024307934567332267761 0.02090477384626865387 0.017661331221461296082 0.0259493999183177948 0.046742059290409088135 0.063653975725173950195 0.19347435235977172852 0.22650665044784545898 0.50489103794097900391 0.54223114252090454102 0.6383711695671081543 0.65361386537551879883 0.52872598171234130859 0.39969331026077270508 0.50549864768981933594 0.39466828107833862305 0.41079485416412353516 0.34879142045974731445 0.30721181631088256836 0.42893198132514953613 0.34318512678146362305 0.15384569764137268066 0.081602938473224639893 0.053792554885149002075 0.054000608623027801514 0.045669294893741607666 0.027890317142009735107 0.023620160296559333801 0.019296856597065925598 0.02709558047354221344 0.030587835237383842468 0.032232183963060379028 0.064414843916893005371 0.070614337921142578125 0.12240507453680038452 0.088930875062942504883 0.017921749502420425415 0.012548962607979774475
0.4736748039722442627 0.2528915107250213623 0.095128498971462249756 0.043637026101350784302 0.030104815959930419922 0.025888705626130104065 0.027871429920196533203 0.03942707553505897522 0.057172100991010665894 0.070202440023422241211 0.18865481019020080566 0.25768133997917175293 0.62382072210311889648 0.59203904867172241211 0.49946966767311096191 0.31035563349723815918 0.33065927028656005859 0.27936494350433349609 0.17332226037979125977 0.069370567798614501953 0.23771992325782775879 0.25774490833282470703 0.50888943672180175781 0.46922188997268676758 0.34233912825584411621 0.086296133697032928467 0.072766922414302825928 0.054682947695255279541 0.049779213964939117432 0.057686854153871536255 0.033144488930702209473 0.029757611453533172607 0.021351680159568786621 0.023548679426312446594 0.022962087765336036682 0.031255226582288742065 0.056746337562799453735 0.061761666089296340942 0.10816711932420730591 0.18324537575244903564 0.032600257545709609985 0.010915900580585002899
0.19528478384017944336 0.089937388896942138672 0.067424319684505462646 0.037937920540571212769 0.031624153256416320801 0.02734408155083656311 0.029417030513286590576 0.038744889199733734131 0.069348715245723724365 0.12456523627042770386 0.28074622154235839844 0.34142130613327026367 0.62237721681594848633 0.63528525829315185547 0.44634541869163513184 0.25978136062622070312 0.06249902769923210144 0.012036757543683052063 0.0092009818181395530701 0.17978808283805847168 0.27187383174896240234 0.30461069941520690918 0.26863241195678710938 0.39910078048706054688 0.29869201779365539551 0.083350203931331634521 0.065044492483139038086 0.047754045575857162476 0.038892578333616256714 0.038327191025018692017 0.03533450886607170105 0.028116619214415550232 0.021369205787777900696 0.030075732618570327759 0.022902147844433784485 0.054141402244567871094 0.043578788638114929199 0.04574497416615486145 0.086995117366313934326 0.1747655719518661499 0.025292364880442619324 0.0078695956617593765259
0.17184166610240936279 0.093807190656661987305 0.059618212282657623291 0.064281202852725982666 0.037767495959997177124 0.028770981356501579285 0.026483140885829925537 0.041662421077489852905 0.081118032336235046387 0.24890963733196258545 0.23825241625308990479 0.60633295774459838867 0.56478077173233032227 0.48204645514488220215 0.098653405904769897461 0.16155615448951721191 0.021138750016689300537 0.085683494806289672852 0.10860855132341384888 0.21370705962181091309 0.24672639369964599609 0.30687892436981201172 0.50591093301773071289 0.42471015453338623047 0.2803223729133605957 0.073066145181655883789 0.051275338977575302124 0.045538112521171569824 0.033489514142274856567 0.036849532276391983032 0.043513435870409011841 0.035639435052871704102 0.025323135778307914734 0.021940900012850761414 0.019490033388137817383 0.040476400405168533325 0.034252304583787918091 0.050670269876718521118 0.069208011031150817871 0.085588820278644561768 0.023853564634919166565 0.0084259985014796257019
0.09543695300817489624 0.13961330056190490723 0.13161619007587432861 0.068974852561950683594 0.043265987187623977661 0.026078559458255767822 0.042522147297859191895 0.05775597691535949707 0.18064577877521514893 0.31140297651290893555 0.35542759299278259277 0.568538665771484375 0.13822513818740844727 0.14207279682159423828 0.18220289051532745361 0.34290242195129394531 0.40255719423294067383 0.34385374188423156738 0.18532770872116088867 0.26443207263946533203 0.37044191360473632812 0.30532750487327575684 0.43589258193969726562 0.52103191614151000977 0.22287668287754058838 0.095527909696102142334 0.057223413139581680298 0.049597553908824920654 0.039298091083765029907 0.039937801659107208252 0.035859007388353347778 0.030588911846280097961 0.028470791876316070557 0.023502610623836517334 0.022826315835118293762 0.024394240230321884155 0.031491458415985107422 0.042550567537546157837 0.059510976076126098633 0.078188218176364898682 0.042395360767841339111 0.010599021799862384796
0.11990041285753250122 0.23228900134563446045 0.16952051222324371338 0.14940774440765380859 0.065884247422218322754 0.044312596321105957031 0.048516482114791870117 0.10342393070459365845 0.2934589087963104248 0.67548620700836181641 0.68038421869277954102 0.69678008556365966797 0.36875882744789123535 0.48323351144790649414 0.43291202187538146973 0.5458075404167175293 0.51708567142486572266 0.30466055870056152344 0.28252351284027099609 0.50135922431945800781 0.46911501884460449219 0.27967464923858642578 0.50844103097915649414 0.39671179652214050293 0.18806634843349456787 0.10117916762828826904 0.091224618256092071533 0.057627994567155838013 0.041128356009721755981 0.047506220638751983643 0.043567549437284469604 0.025902789086103439331 0.032204214483499526978 0.018168656155467033386 0.018203606829047203064 0.02674692496657371521 0.037670839577913284302 0.032276049256324768066 0.02745184674859046936 0.054708614945411682129 0.052005473524332046509 0.01558314543217420578
0.18228504061698913574 0.22891497611999511719 0.11272106319665908813 0.096975728869438171387 0.033374875783920288086 0.043760590255260467529 0.11285804957151412964 0.36250224709510803223 0.50676369667053222656 0.69912898540496826172 0.72357356548309326172 0.70553785562515258789 0.6827113032341003418 0.7019850611686706543 0.49757590889930725098 0.61974740028381347656 0.55665683746337890625 0.46435767412185668945 0.52983951568603515625 0.67616498470306396484 0.59812581539154052734 0.36456200480461120605 0.2603245079517364502 0.44051596522331237793 0.1560557931661605835 0.096347749233245849609 0.091229796409606933594 0.071687974035739898682 0.057801593095064163208 0.039622843265533447266 0.039718855172395706177 0.032364949584007263184 0.028998473659157752991 0.019977206364274024963 0.018086966127157211304 0.023417660966515541077 0.027596432715654373169 0.018024437129497528076 0.018603565171360969543 0.039049081504344940186 0.043213177472352981567 0.017054047435522079468
