spatial-objects/o4_sobralia_turkeliae_suitability_logistic.asc
ncols        332
nrows        480
xllcorner    -84.291666666667
yllcorner    -15.666666666667
cellsize     0.041666666667
NODATA_value -9999
[rows 304 to 322 of 480, columns 210 to 251 of 332]
0.00011887336586369201541 0.00014959857799112796783 0.00017800783098209649324 0.00024310805019922554493 0.00033522228477522730827 0.00045476347440853714943 0.00065005826763808727264 0.00093487877165898680687 0.0012068771757185459137 0.0015540536260232329369 0.0020660781301558017731 0.0025132775772362947464 0.00089251704048365354538 0.0012531260726973414421 0.0016164153348654508591 0.0048833158798515796661 0.005781325511634349823 0.0064760902896523475647 0.0072668683715164661407 0.0080663114786148071289 0.0086572496220469474792 0.0086513794958591461182 0.0086373845115303993225 0.0098098255693912506104 0.010103043168783187866 0.010963780805468559265 0.011301830410957336426 0.011292134411633014679 0.011545124463737010956 0.011287776753306388855 0.011037238873541355133 0.011063461191952228546 0.011025790125131607056 0.010342846624553203583 0.010166544467210769653 0.010030115023255348206 0.0092959096655249595642 0.0097146742045879364014 0.0087592666968703269958 0.0085449693724513053894 0.0084844045341014862061 0.0076440069824457168579
7.1623733674641698599e-05 9.8070835520047694445e-05 0.00012414815137162804604 0.0001663848670432344079 0.00022742345754522830248 0.00032887191628105938435 0.00048110727220773696899 0.00070883514126762747765 0.00091605004854500293732 0.0012232415610924363136 0.0016580434748902916908 0.0022911571431905031204 0.003064419841393828392 0.0011461551766842603683 0.0032687468919903039932 0.0044820862822234630585 0.0055035753175616264343 0.0062729930505156517029 0.0070919548161327838898 0.0077246376313269138336 0.0084161199629306793213 0.008265906013548374176 0.0085687888786196708679 0.01160726696252822876 0.012557529844343662262 0.011016329750418663025 0.01117356959730386734 0.010956678539514541626 0.01133462321013212204 0.01161771826446056366 0.010934409685432910919 0.010780382901430130005 0.010800793766975402832 0.010754383169114589691 0.010111811570823192596 0.009700296446681022644 0.0098653528839349746704 0.0095284823328256607056 0.0082622291520237922668 0.008037024177610874176 0.0075084213167428970337 0.0074257692322134971619
4.4725340558215975761e-05 5.8248337154509499669e-05 8.3024780906271189451e-05 0.00011338485637679696083 0.0001516444463049992919 0.00022362224990501999855 0.00032866859692148864269 0.00050836428999900817871 0.00070865981979295611382 0.00097553216619417071342 0.0014689787058159708977 0.0020075757056474685669 0.0028109734412282705307 0.0010235381778329610825 0.0014492344344034790993 0.0042047980241477489471 0.0054398691281676292419 0.0065363496541976928711 0.007099844515323638916 0.0064595742151141166687 0.0083225471898913383484 0.0091476375237107276917 0.008383490145206451416 0.010021153837442398071 0.010609318502247333527 0.010137179866433143616 0.011280414648354053497 0.011038677766919136047 0.011217848397791385651 0.011421153321862220764 0.011094183661043643951 0.010333569720387458801 0.010545285418629646301 0.010447882115840911865 0.0099944397807121276855 0.0090857613831758499146 0.0093158958479762077332 0.0088736200705170631409 0.0083251567557454109192 0.0078424168750643730164 0.007677531801164150238 0.0079809278249740600586
2.5993589588324539363e-05 3.3386975701432675123e-05 5.0862923671957105398e-05 7.1230228058993816376e-05 0.00010217334784101694822 0.00015950160741340368986 0.00026404610252939164639 0.00035418372135609388351 0.00056143873371183872223 0.00085498997941613197327 0.0012738984078168869019 0.0017516168300062417984 0.0025337741244584321976 0.0009347028099000453949 0.0013761623995378613472 0.0039859209209680557251 0.0052752522751688957214 0.0062654982320964336395 0.0068423030897974967957 0.0078113358467817306519 0.0084025021642446517944 0.0091263772919774055481 0.0098247854039072990417 0.0092264609411358833313 0.0095343710854649543762 0.0098189078271389007568 0.011032052338123321533 0.011190932244062423706 0.01092468947172164917 0.011353493668138980865 0.011004240252077579498 0.011043020524084568024 0.010331094264984130859 0.010124048218131065369 0.0096760615706443786621 0.0095623182132840156555 0.0097257085144519805908 0.0095998439937829971313 0.0093267438933253288269 0.0084568038582801818848 0.0085737202316522598267 0.0080679710954427719116
1.5034994248708244413e-05 1.9546898329281248152e-05 2.9084063498885370791e-05 4.2796600610017776489e-05 6.9399815401993691921e-05 0.0001113243561121635139 0.00017262106121052056551 0.0002710347762331366539 0.00042588679934851825237 0.00066988210892304778099 0.0010111901210620999336 0.0014445395208895206451 0.0022344638127833604813 0.00083906727377325296402 0.0012738630175590515137 0.0034674389753490686417 0.0045169168151915073395 0.0056613148190081119537 0.006294271908700466156 0.0068518817424774169922 0.0078337043523788452148 0.0073081627488136291504 0.009438578970730304718 0.0084591228514909744263 0.0090143326669931411743 0.0093691656365990638733 0.010351781733334064484 0.010645392350852489471 0.010743573307991027832 0.011065647006034851074 0.010872756130993366241 0.011438162997364997864 0.010902635753154754639 0.0096632912755012512207 0.009379256516695022583 0.009287117980420589447 0.0095899254083633422852 0.0093112969771027565002 0.008961352519690990448 0.0084521882236003875732 0.0085745668038725852966 0.0083622885867953300476
8.0840554801397956908e-06 1.1064566024288069457e-05 1.5909610738162882626e-05 2.5535900931572541595e-05 4.4228374463273212314e-05 7.3750037699937820435e-05 0.00011760776396840810776 0.00018924013420473784208 0.00031929381657391786575 0.0005459153326228260994 0.00080068228999152779579 0.0012020983267575502396 0.0017209039069712162018 0.0026482648681849241257 0.0010577685898169875145 0.0016619961243122816086 0.0042405221611261367798 0.0048746210522949695587 0.0053022857755422592163 0.0062178401276469230652 0.0070785349234938621521 0.0074900514446198940277 0.0083832386881113052368 0.0077753663063049316406 0.0082539590075612068176 0.0088632656261324882507 0.0095333950594067573547 0.0096077239140868186951 0.010704101994633674622 0.011463968083262443542 0.011312436312437057495 0.010539850220084190369 0.01050539407879114151 0.0099439462646842002869 0.0095005566254258155823 0.0089145926758646965027 0.0088878888636827468872 0.0092394687235355377197 0.0083930138498544692993 0.0084437923505902290344 0.0082620531320571899414 0.0081196734681725502014
3.9625524550501722842e-06 5.250176400295458734e-06 9.0524017650750465691e-06 1.5944548067636787891e-05 2.5966752218664623797e-05 4.7999357775552198291e-05 8.1522433902136981487e-05 0.00014177827688399702311 0.00026095253997482359409 0.00042705584201030433178 0.00062314176466315984726 0.00098175229504704475403 0.0015196297317743301392 0.0022970149293541908264 0.00088867277372628450394 0.0014750636182725429535 0.0030006938613951206207 0.0036137604620307683945 0.0047432165592908859253 0.0055916937999427318573 0.0060323714278638362885 0.0068994653411209583282 0.0070662708021700382233 0.0078612817451357841492 0.0073941322043538093567 0.0083131548017263412476 0.0091415289789438247681 0.0093850437551736831665 0.0098863281309604644775 0.010626740753650665283 0.010370827279984951019 0.010176349431276321411 0.010236814618110656738 0.0093438765034079551697 0.0093029355630278587341 0.0085978675633668899536 0.0088919671252369880676 0.0087593588978052139282 0.0082367220893502235413 0.008146025240421295166 0.0083651011809706687927 0.0081944121047854423523
1.8714142697717761621e-06 2.7278399556962540373e-06 4.9348855100106447935e-06 8.0041681940201669931e-06 1.4158761587168555707e-05 2.6162517315242439508e-05 5.1182414608774706721e-05 9.3464885139837861061e-05 0.0001823115017032250762 0.00032329026726074516773 0.00052511662943288683891 0.00081656692782416939735 0.0013411735417321324348 0.00046142336213961243629 0.0029604120645672082901 0.0013370178639888763428 0.0022030232939869165421 0.0028140137437731027603 0.003760539693757891655 0.0043887724168598651886 0.0049290489405393600464 0.0057066204026341438293 0.0052893352694809436798 0.0059485528618097305298 0.0074891285039484500885 0.0081149032339453697205 0.008533154614269733429 0.0084819030016660690308 0.0090890927240252494812 0.0097699994221329689026 0.010030520148575305939 0.0094821434468030929565 0.0094297248870134353638 0.0090713119134306907654 0.0086518274620175361633 0.0083259455859661102295 0.0082390010356903076172 0.0080542704090476036072 0.0080792903900146484375 0.007904033176600933075 0.0082793766632676124573 0.0077043571509420871735
8.2698943515424616635e-07 1.4447475678025512025e-06 2.1269272565405117348e-06 4.419278866407694295e-06 8.9008353825192898512e-06 1.7302158084930852056e-05 3.4178134228568524122e-05 7.3251518188044428825e-05 0.00014219376316759735346 0.00024869994376786053181 0.00042537617264315485954 0.00067976873833686113358 0.001087065436877310276 0.001662313239648938179 0.0027482951991260051727 0.0039823530241847038269 0.0016421332256868481636 0.0020891183521598577499 0.0026371332351118326187 0.0031430553644895553589 0.0038115889765322208405 0.004871098790317773819 0.0052524707280099391937 0.0049648457206785678864 0.0065530226565897464752 0.0071331621147692203522 0.007411272730678319931 0.0074853692203760147095 0.0085940929129719734192 0.0092422319576144218445 0.0097171971574425697327 0.0087551269680261611938 0.0085942577570676803589 0.0083823055028915405273 0.0083296364173293113708 0.0083653144538402557373 0.0080418223515152931213 0.0075030918233096599579 0.0075031090527772903442 0.0076116905547678470612 0.0076847597956657409668 0.0072324797511100769043
3.6499076827567478176e-07 7.147939982132811565e-07 9.9809494713554158807e-07 2.3156724182626930997e-06 4.8125889406946953386e-06 1.0465531886438839138e-05 2.1775384084321558475e-05 5.0139795348513871431e-05 0.00010246782039757817984 0.00019593507749959826469 0.00032840232597663998604 0.00055167375830933451653 0.00092379818670451641083 0.0014632836682721972466 0.0023874926846474409103 0.0036320588551461696625 0.0012770224129781126976 0.0015193412546068429947 0.0019958086777478456497 0.0023476714268326759338 0.0030387328006327152252 0.0037268991582095623016 0.0042320620268583297729 0.0050376369617879390717 0.0058521525934338569641 0.0064151640981435775757 0.0068386392667889595032 0.007182783912867307663 0.0079749487340450286865 0.0082505140453577041626 0.00803195219486951828 0.0081403329968452453613 0.0080452794209122657776 0.0079193422570824623108 0.0078467782586812973022 0.0077622155658900737762 0.008117720484733581543 0.0071741854771971702576 0.0072040013037621974945 0.0074811768718063831329 0.0073248650878667831421 0.007421472109854221344
2.0771349795722926501e-07 3.5039494150623795576e-07 5.1443078064039582387e-07 1.162691319223085884e-06 2.6574998628348112106e-06 6.2998333305586129427e-06 1.4400949112314265221e-05 3.3774427720345556736e-05 6.5397653088439255953e-05 0.00013165824930183589458 0.00025798595743253827095 0.00042756053153425455093 0.00072292430559173226357 0.0012787869200110435486 0.0020277483854442834854 0.0031643349211663007736 0.0042147310450673103333 0.0011906384024769067764 0.0015067511703819036484 0.0019149342551827430725 0.0024665186647325754166 0.0029083779081702232361 0.0032237058039754629135 0.0041324370540678501129 0.0047505898401141166687 0.005339677911251783371 0.0062415301799774169922 0.0066986544989049434662 0.0071966620162129402161 0.0072209089994430541992 0.0076734651811420917511 0.0077986987307667732239 0.0073511190712451934814 0.0070826737210154533386 0.0073254364542663097382 0.0075667998753488063812 0.0077228550799190998077 0.0073485886678099632263 0.0073384013958275318146 0.0072186258621513843536 0.0071157454513013362885 0.0066944966092705726624
9.3956636249004077399e-08 1.262171025473435293e-07 2.2895002871337055694e-07 5.5787080555091961287e-07 1.3885345424569095485e-06 3.6706073842651676387e-06 9.0896619440172798932e-06 2.3076319848769344389e-05 4.8678110033506527543e-05 0.00010064484376925975084 0.00019893533317372202873 0.00033095313119702041149 0.00056708895135670900345 0.001030966523103415966 0.0016762396553531289101 0.0024556724820286035538 0.0032785481307655572891 0.00091976299881935119629 0.00134680955670773983 0.0019183055264875292778 0.0020925032440572977066 0.0025395296979695558548 0.0029348414391279220581 0.003668872639536857605 0.0037460818421095609665 0.0045963395386934280396 0.0052901348099112510681 0.0053940955549478530884 0.0062037669122219085693 0.0065116090700030326843 0.0066698864102363586426 0.0067302435636520385742 0.0065458333119750022888 0.0062470692209899425507 0.0066441870294511318207 0.0069899698719382286072 0.0070446366444230079651 0.0074759987182915210724 0.0074586984701454639435 0.0073394556529819965363 0.0070174406282603740692 0.0064749876037240028381
4.3424169149375302368e-08 5.7715091372756432975e-08 1.0946278194978731335e-07 2.9288196401466848329e-07 7.5907456675849971361e-07 2.4263017621706239879e-06 6.1741320678265765309e-06 1.5709500075899995863e-05 3.3993201213888823986e-05 7.1954564191401004791e-05 0.00015187279495876282454 0.00027350394520908594131 0.00048201539902947843075 0.00089917721925303339958 0.0014445642009377479553 0.0019955136813223361969 0.0028547567781060934067 0.0011891558533534407616 0.00095580180641263723373 0.0014069685712456703186 0.0017876180354505777359 0.0021104700863361358643 0.0023636342957615852356 0.0027979617007076740265 0.0031204901169985532761 0.0027107992209494113922 0.0040896642021834850311 0.0045540956780314445496 0.0048106177709996700287 0.0052836756221950054169 0.0057540033012628555298 0.0060095172375440597534 0.0056971576996147632599 0.0059733674861490726471 0.0061929593794047832489 0.006585140712559223175 0.0067271501757204532623 0.0070502678863704204559 0.0068882447667419910431 0.0069863158278167247772 0.0066931270994246006012 0.0063740406185388565063
1.6820598247591078689e-08 3.094856992902350612e-08 5.7137754083669278771e-08 1.4783974222609685967e-07 4.7758072696524322964e-07 1.5740580465717357583e-06 4.4249550228414591402e-06 1.1497239938762504607e-05 2.5616152925067581236e-05 5.7218807341996580362e-05 0.00012163102655904367566 0.00023982074344530701637 0.00044971928582526743412 0.00078497885260730981827 0.0012612089049071073532 0.0018671123543754220009 0.0025483390782028436661 0.0032624793238937854767 0.0007167828734964132309 0.0010191024048253893852 0.0013762027956545352936 0.0017556758830323815346 0.0020062939729541540146 0.0023458406794816255569 0.0027487622573971748352 0.0029890411533415317535 0.0033651257399469614029 0.0035568829625844955444 0.0041978596709668636322 0.0048598824068903923035 0.0056102145463228225708 0.0055169239640235900879 0.0052539040334522724152 0.0054165865294635295868 0.0055240937508642673492 0.0061154249124228954315 0.0067753586918115615845 0.0067323297262191772461 0.0065646655857563018799 0.0063582775183022022247 0.0065361163578927516937 0.006326818373054265976
7.8333854958145821001e-09 1.5113867490867960441e-08 3.1590214888410628191e-08 9.4363507230355025968e-08 3.4668713055907574017e-07 1.1806641850853338838e-06 3.440961336309555918e-06 9.3750613814336247742e-06 2.1120944438735023141e-05 4.9500522436574101448e-05 0.00010510106949368491769 0.00020880521333310753107 0.00038985686842352151871 0.00069974880898371338844 0.0010700838174670934677 0.0015684168320149183273 0.0022754566743969917297 0.0031760933343321084976 0.004037869628518819809 0.000780027010478079319 0.0010527881095185875893 0.0014320362824946641922 0.0018397273961454629898 0.0020379298366606235504 0.0022729157935827970505 0.0025891473051160573959 0.0028829947113990783691 0.0033452329225838184357 0.0035965240094810724258 0.0045855329371988773346 0.004942699335515499115 0.0048720063641667366028 0.0046445452608168125153 0.0049152774736285209656 0.005645935889333486557 0.0061850692145526409149 0.0064430446363985538483 0.0065550361759960651398 0.0067371521145105361938 0.0065364181064069271088 0.0064416276291012763977 0.0064232284203171730042
3.675002746561517597e-09 7.3697181690590696235e-09 1.9603101364396025019e-08 6.433886312606773572e-08 2.6800435648510756437e-07 9.3675265588899492286e-07 3.0620312827522866428e-06 8.2250135164940729737e-06 1.9056849851040169597e-05 4.3528343667276203632e-05 9.2501606559380888939e-05 0.00017167905753012746572 0.00032556301448494195938 0.00060138170374557375908 0.00098740821704268455505 0.0014939971733838319778 0.002113544149324297905 0.0027800931129604578018 0.0033403635025024414062 0.0006581424386240541935 0.00093966367421671748161 0.0012161672348156571388 0.0015022811712697148323 0.0018493210664018988609 0.0019510817946866154671 0.0023069896269589662552 0.002695899689570069313 0.0030353723559528589249 0.0033842574339359998703 0.0036238555330783128738 0.0042316839098930358887 0.0044566239230334758759 0.0047266562469303607941 0.0048599881120026111603 0.0055927680805325508118 0.0059328228235244750977 0.0059721516445279121399 0.0063021653331816196442 0.0062597631476819515228 0.0064986180514097213745 0.0063832998275756835938 0.0062519228085875511169
2.0623349694659509623e-09 4.0468361994783208502e-09 1.8200127627210349601e-08 6.8435944911016122205e-08 2.7131713409289659467e-07 9.5344256578755448572e-07 2.8525919333333149552e-06 8.0976296885637566447e-06 1.9200238966732285917e-05 4.0345890738535672426e-05 8.3814942627213895321e-05 0.00016175211931113153696 0.00030212197452783584595 0.00056189636234194040298 0.00089637882774695754051 0.0013539713108912110329 0.0019150699954479932785 0.0025912839919328689575 0.0035416022874414920807 0.00060324184596538543701 0.00086665258277207612991 0.001166436471976339817 0.0013960165670141577721 0.0016550658037886023521 0.0018220312194898724556 0.0021179842296987771988 0.0025115127209573984146 0.0027126094792038202286 0.0030904782470315694809 0.0033892330247908830643 0.0037010763771831989288 0.0038051779847592115402 0.0037135609891265630722 0.0045675258152186870575 0.005485102534294128418 0.0054424176923930644989 0.0055590183474123477936 0.0062097511254251003265 0.0061478456482291221619 0.0059292353689670562744 0.0057204505428671836853 0.005703797563910484314
2.2324664339379296507e-09 6.2491936070330211805e-09 3.0461865918596231495e-08 7.8213361121015623212e-08 3.0384899218915961683e-07 9.8447435448179021478e-07 2.8776451017620274797e-06 7.70183760323561728e-06 2.0191513613099232316e-05 4.5257747842697426677e-05 9.0093759354203939438e-05 0.00017653928080108016729 0.00031822660821489989758 0.00056808564113453030586 0.00093061599181964993477 0.0013943791855126619339 0.0018255475442856550217 0.0025200494565069675446 0.0026730818208307027817 0.00056288263294845819473 0.0053969146683812141418 0.00126505258958786726 0.0012516364222392439842 0.0014081832487136125565 0.0016351609956473112106 0.0020250675734132528305 0.0023531455080956220627 0.0024764325935393571854 0.002824826166033744812 0.0030695612076669931412 0.0033879904076457023621 0.0034856719430536031723 0.0035557739902287721634 0.0039629172533750534058 0.0045413495972752571106 0.0052168052643537521362 0.0053264321759343147278 0.0056713991798460483551 0.0057477615773677825928 0.0055866464972496032715 0.0055997003801167011261 0.0055720400996506214142
7.2816881413473311113e-09 2.1707220909661373298e-08 7.4652568571309529943e-08 1.1714216441305325134e-07 3.9693421172160014976e-07 1.2181995998616912402e-06 3.5265809401607839391e-06 9.4101296781445853412e-06 2.3095060896594077349e-05 4.9502294132253155112e-05 0.00010430982365505769849 0.00018780310347210615873 0.00033465158776380121708 0.0005829230649396777153 0.00098026811610907316208 0.0015281218802556395531 0.0020847741980105638504 0.0019989414140582084656 0.0027515273541212081909 0.003957930486649274826 0.0069138482213020324707 0.01282254047691822052 0.0012740504462271928787 0.0012777630472555756569 0.0015255883336067199707 0.0017681709723547101021 0.0021325636189430952072 0.0023851145524531602859 0.0025519004557281732559 0.0027806945145130157471 0.0029988158494234085083 0.0032741038594394922256 0.0035302923060953617096 0.00385395856574177742 0.0042076045647263526917 0.0041266884654760360718 0.0043718954548239707947 0.0045836893841624259949 0.0055513740517199039459 0.0055712433531880378723 0.0055762012489140033722 0.0055697844363749027252
